"HLA.DPAB.01.03_01.01","HLA.DPAB.01.03_02.01","HLA.DPAB.01.03_03.01","HLA.DPAB.01.03_04.01","HLA.DPAB.01.03_04.02","HLA.DPAB.01.03_13.01","HLA.DPAB.01.03_17.01","HLA.DPAB.02.01_01.01","HLA.DPAB.02.01_02.01","HLA.DPAB.02.01_03.01","HLA.DPAB.02.01_04.01","HLA.DPAB.02.01_04.02","HLA.DPAB.02.01_05.01","HLA.DPAB.02.01_13.01","HLA.DPAB.02.01_17.01","HLA.DPAB.02.02_01.01","HLA.DPAB.02.02_04.01","HLA.DPAB.02.02_04.02","HLA.DQAB.01.01_02.01","HLA.DQAB.01.01_02.02","HLA.DQAB.01.01_03.01","HLA.DQAB.01.01_03.02","HLA.DQAB.01.01_03.03","HLA.DQAB.01.01_04.02","HLA.DQAB.01.01_05.01","HLA.DQAB.01.01_06.02","HLA.DQAB.01.01_06.03","HLA.DQAB.01.01_06.04","HLA.DQAB.01.02_02.01","HLA.DQAB.01.02_02.02","HLA.DQAB.01.02_03.01","HLA.DQAB.01.02_03.02","HLA.DQAB.01.02_03.03","HLA.DQAB.01.02_05.01","HLA.DQAB.01.02_05.02","HLA.DQAB.01.02_05.03","HLA.DQAB.01.02_06.01","HLA.DQAB.01.02_06.02","HLA.DQAB.01.02_06.03","HLA.DQAB.01.02_06.04","HLA.DQAB.01.02_06.09","HLA.DQAB.01.03_02.01","HLA.DQAB.01.03_02.02","HLA.DQAB.01.03_03.01","HLA.DQAB.01.03_03.02","HLA.DQAB.01.03_04.02","HLA.DQAB.01.03_05.01","HLA.DQAB.01.03_05.02","HLA.DQAB.01.03_05.03","HLA.DQAB.01.03_06.01","HLA.DQAB.01.03_06.02","HLA.DQAB.01.03_06.03","HLA.DQAB.01.03_06.04","HLA.DQAB.01.03_06.09","HLA.DQAB.01.04_02.01","HLA.DQAB.01.04_03.01","HLA.DQAB.01.04_05.03","HLA.DQAB.01.04_06.01","HLA.DQAB.01.04_06.02","HLA.DQAB.01.05_02.01","HLA.DQAB.01.05_05.01","HLA.DQAB.02.01_02.01","HLA.DQAB.02.01_02.02","HLA.DQAB.02.01_03.01","HLA.DQAB.02.01_03.02","HLA.DQAB.02.01_03.03","HLA.DQAB.02.01_04.02","HLA.DQAB.02.01_05.01","HLA.DQAB.02.01_05.02","HLA.DQAB.02.01_06.01","HLA.DQAB.02.01_06.02","HLA.DQAB.02.01_06.03","HLA.DQAB.03.01_02.02","HLA.DQAB.03.01_03.01","HLA.DQAB.03.01_03.02","HLA.DQAB.03.01_05.01","HLA.DQAB.03.01_05.02","HLA.DQAB.03.01_06.02","HLA.DQAB.03.01_06.03","HLA.DQAB.03.01_06.04","HLA.DQAB.03.02_02.01","HLA.DQAB.03.02_03.03","HLA.DQAB.03.03_02.01","HLA.DQAB.03.03_02.02","HLA.DQAB.03.03_03.01","HLA.DQAB.03.03_03.02","HLA.DQAB.03.03_04.02","HLA.DQAB.03.03_05.01","HLA.DQAB.03.03_05.02","HLA.DQAB.03.03_06.02","HLA.DQAB.03.03_06.03","HLA.DQAB.04.01_02.02","HLA.DQAB.04.01_03.01","HLA.DQAB.04.01_04.02","HLA.DQAB.04.01_05.01","HLA.DQAB.04.01_06.03","HLA.DQAB.05.01_02.01","HLA.DQAB.05.01_02.02","HLA.DQAB.05.01_03.01","HLA.DQAB.05.01_03.03","HLA.DQAB.05.01_05.01","HLA.DQAB.05.01_05.03","HLA.DQAB.05.01_06.02","HLA.DQAB.05.01_06.03","HLA.DQAB.05.05_02.01","HLA.DQAB.05.05_02.02","HLA.DQAB.05.05_03.01","HLA.DQAB.05.05_03.02","HLA.DQAB.05.05_03.03","HLA.DQAB.05.05_04.02","HLA.DQAB.05.05_05.01","HLA.DQAB.05.05_05.02","HLA.DQAB.05.05_05.03","HLA.DQAB.05.05_06.01","HLA.DQAB.05.05_06.02","HLA.DRB1.01.01","HLA.DRB1.01.02","HLA.DRB1.03.01","HLA.DRB1.04.01","HLA.DRB1.04.02","HLA.DRB1.04.04","HLA.DRB1.04.05","HLA.DRB1.04.07","HLA.DRB1.07.01","HLA.DRB1.08.01","HLA.DRB1.08.04","HLA.DRB1.09.01","HLA.DRB1.10.01","HLA.DRB1.11.01","HLA.DRB1.11.03","HLA.DRB1.11.04","HLA.DRB1.12.01","HLA.DRB1.13.01","HLA.DRB1.13.02","HLA.DRB1.13.03","HLA.DRB1.14.01","HLA.DRB1.14.04","HLA.DRB1.14.54","HLA.DRB1.15.01","HLA.DRB1.15.02","HLA.DRB1.16.01"
0,0.00712995722195586,0.0025538880051259,0.00515646279729931,0.00573098858171939,0.00241914400088861,0.00659500289520465,0.00419825688944253,0.0057297119754911,0.00355732850945545,0.00342852969984964,0.00333537883845803,0.0104048180234622,0.00475506070766596,0.0092341422315092,0.00577062170168441,0.0032818741393339,0.00300583876670613,0.0285705576290683,0.0285705576290683,0.0569120460293792,0.0430194177056745,0.0515819913400131,0.0316439196458408,0.0299523493003071,0.047724668876473,0.0460413582425102,0.0307934343907172,0.0335488207957223,0.0335488207957223,0.0752107096607378,0.053785721830506,0.064244884733945,0.0325922677538314,0.0417655383950862,0.0413361721977011,0.05807229704478,0.0540196801694837,0.0516597419361042,0.0359501800135541,0.0394347252909534,0.0358989222252045,0.0358989222252045,0.07973342072261,0.0569126285285432,0.038529102739761,0.0341472746725444,0.0443174086918688,0.0440858128911611,0.0605635447523823,0.0575458832453399,0.053954866425696,0.0371428877609299,0.0414467722487393,0.0285705576290683,0.0569120460293792,0.0363717570913002,0.0479835607197117,0.047724668876473,0.0285705576290683,0.0299523493003071,0.0324207545909792,0.0324207545909792,0.0273962059603619,0.0274418659069436,0.0254847813928496,0.0267302440566201,0.0164143007725481,0.01790069893677,0.0241634618753147,0.0230815906936499,0.0218556352093414,0.0304456403978721,0.0525724441056782,0.043946808244639,0.0247384997304652,0.0282420531588986,0.0360122460221499,0.0336166181479499,0.0260747705160003,0.0304456403978721,0.0441222797676889,0.0304456403978721,0.0304456403978721,0.0525724441056782,0.043946808244639,0.0337813423005781,0.0247384997304652,0.0282420531588986,0.0360122460221499,0.0336166181479499,0.0391731308688229,0.0887926137218334,0.0454537066848272,0.0401954923759487,0.0561437606342594,0.0439638887005979,0.0439638887005979,0.0909925648096241,0.0762738032194108,0.0372594644791721,0.0466633424428882,0.0499782419158254,0.0506535665250774,0.0439638887005979,0.0439638887005979,0.0909925648096241,0.0699356020208703,0.0762738032194108,0.0515988843716705,0.0372594644791721,0.0460057941071255,0.0466633424428882,0.0595488517342876,0.0499782419158254,0.0295317717333126,0.040714339116986,0.0415520092622166,0.0556597920890172,0.0741260845862041,0.0573368907811904,0.0458174121584701,0.0504623978426076,0.0406913114565982,0.0496434668776475,0.0664437520705382,0.0202968338785876,0.0246139245315574,0.0621288706553315,0.0753803369921681,0.0767134794638474,0.0329039104511082,0.0695023045741723,0.0539010908315343,0.049001928631042,0.0470676241018727,0.0458285044871034,0.0470676241018727,0.055052912115053,0.039847966626919,0.0552138492961672
0.00712995722195586,0,0.00642217369988507,0.00224711881006778,0.00101571057426175,0.00477997821907072,0.0082185537417514,0.0179766287846669,0.00338149312754588,0.0141925964925156,0.00579237993980064,0.00370013244284606,0.0228987249120154,0.0129065139837613,0.0177737474731033,0.0208583491323852,0.00772290241504547,0.00573936195374991,0.0156208756765027,0.0156208756765027,0.0430683974955316,0.0301637696852854,0.038397313052235,0.0192258841927738,0.0181460457715524,0.0348605522111027,0.0332052003396858,0.0176553103238579,0.0197835966960094,0.0197835966960094,0.0597062388861772,0.0402078517749628,0.0503525663894241,0.0203934870472049,0.0299259737450031,0.0289552035243168,0.044007338254852,0.0409878955113775,0.0385070159639059,0.0220867703388193,0.0257563879416325,0.0227186680147285,0.0227186680147285,0.0647147678917898,0.0440054429303441,0.0262644756383182,0.02260955559865,0.0332879779523106,0.0323851820315498,0.0472923451980146,0.0446726776345278,0.041438172411023,0.0241318262952592,0.0283838383815577,0.0156208756765027,0.0430683974955316,0.024350706620713,0.0346940917645342,0.0348605522111027,0.0156208756765027,0.0181460457715524,0.0236873591641072,0.0236873591641072,0.0188812545618532,0.0198819145328072,0.0173847206470555,0.0183523664879579,0.00927241189633943,0.0116836116383316,0.0173327443775027,0.0168585077418359,0.0157569214735785,0.0186201285508109,0.040047337592067,0.0322479625982929,0.0145680765568797,0.0189620290050948,0.0261163913256319,0.0242150968213963,0.015684980859789,0.0186201285508109,0.0321617458373958,0.0186201285508109,0.0186201285508109,0.040047337592067,0.0322479625982929,0.0221284119306117,0.0145680765568797,0.0189620290050948,0.0261163913256319,0.0242150968213963,0.0237050385824645,0.0707185851074198,0.0301087950545242,0.0291641301355288,0.0444108998504523,0.0286277145577548,0.0286277145577548,0.0723971677998125,0.0591654459268205,0.0266888666890484,0.0352325115379708,0.0393589515230702,0.0399486121940056,0.0286277145577548,0.0286277145577548,0.0723971677998125,0.0536352844726357,0.0591654459268205,0.0365267551071751,0.0266888666890484,0.0356148970525255,0.0352325115379708,0.045763874447354,0.0393589515230702,0.0194819910126641,0.0296865392211451,0.0313022440323,0.0494265443942303,0.0648818431225662,0.0481491386513963,0.0399212218620418,0.0420915274113343,0.0343129541203807,0.0447831437560854,0.0570696196648141,0.0113181448979462,0.0153757163943068,0.0506159591954072,0.0623755877443504,0.0635637531357069,0.0302563311628878,0.0569562100880034,0.0429771439256835,0.0437185589704746,0.0357747909777223,0.0360830212955183,0.0357747909777223,0.0457933614684244,0.0324352644732525,0.0477035420996071
0.0025538880051259,0.00642217369988507,0,0.00421149927371856,0.00426733033475868,0.00295490074995752,0.00731394331599655,0.00947068782121496,0.00788848269862075,0.00437681571792792,0.00550429112774753,0.00480856373908589,0.0170569674135114,0.00828251935101987,0.0135789514548501,0.0119832517825438,0.00627516291836239,0.0055384989064311,0.0268540966264446,0.0268540966264446,0.057374243465249,0.043789679501386,0.0522776426984651,0.0309785147980827,0.0251967130636257,0.0458712455236179,0.0447284469905103,0.0290499928837604,0.0326382460608796,0.0326382460608796,0.0765836178990132,0.0555373123391282,0.0660183372204406,0.028773679816993,0.0389912353917348,0.0391560763264225,0.0608069109959316,0.0534233509478856,0.0515608654183801,0.0355365889728341,0.039024418259248,0.0364829964289702,0.0364829964289702,0.0823113940119545,0.0599214810078892,0.039992818843231,0.0313665971903809,0.0425902709183035,0.0428432569076265,0.0645537078137005,0.0579252503007117,0.0549670092246496,0.0378081756555818,0.0419956119239002,0.0268540966264446,0.057374243465249,0.0331247174025959,0.0494668177415836,0.0458712455236179,0.0268540966264446,0.0251967130636257,0.034089625771102,0.034089625771102,0.0302332451756127,0.0312542095741871,0.0284420655487611,0.0279818685882905,0.0135741749360483,0.0162143247300862,0.0267471467096481,0.0234503841619359,0.0228131708283716,0.0308950601402908,0.0535956267647233,0.0457515067098185,0.0207846683761069,0.0254286995347461,0.0348398930756153,0.0334064090294023,0.0253189740449254,0.0308950601402908,0.0455767393000583,0.0308950601402908,0.0308950601402908,0.0535956267647233,0.0457515067098185,0.0333867490198116,0.0207846683761069,0.0254286995347461,0.0348398930756153,0.0334064090294023,0.0402237346054566,0.0883344263877548,0.0448830130709825,0.0373374060487817,0.0561786593984072,0.0455260054701773,0.0455260054701773,0.0908059892412494,0.0775223064073743,0.0354718729394113,0.0456594428067481,0.0497664935917714,0.0516038473740176,0.0455260054701773,0.0455260054701773,0.0908059892412494,0.0718990956079494,0.0775223064073743,0.0512281809971548,0.0354718729394113,0.044968624840089,0.0456594428067481,0.0608914463260821,0.0497664935917714,0.0251282082626997,0.0375448784218811,0.0449246527385008,0.0610831607754606,0.0846562734745516,0.0624109904545154,0.0515370946460799,0.0555492017448732,0.0444732299122222,0.0576735652062329,0.0742964528487028,0.0225093045932859,0.0252485343649675,0.0671676625921107,0.0822446154132201,0.0820487337985187,0.0422974538653486,0.0774134043358403,0.0615255250598288,0.0584628450736806,0.0520646739142261,0.0523374765918164,0.0520646739142261,0.0626174185454181,0.0467103592165491,0.0626820939980373
0.00515646279729931,0.00224711881006778,0.00421149927371856,0,0.000638561779360725,0.00460355717363525,0.0115584358520829,0.0150381558624022,0.00551828735710957,0.0111770917974562,0.0034340443274512,0.00318502174420021,0.0225025136160262,0.0122252647909921,0.0200434799680483,0.0177704281857295,0.00503749429182032,0.00478846076158757,0.021842333899515,0.021842333899515,0.0504689293421897,0.0366990042407447,0.0460304191716221,0.0247586845109954,0.0214715993089966,0.0422019025788675,0.0404591010854907,0.0234798714395763,0.026942922831365,0.026942922831365,0.0688628395832903,0.0478907644379021,0.0592043146395724,0.0247908598285673,0.0353628867984781,0.0348576028975041,0.0541644157747825,0.0493511187489206,0.046788916981501,0.0292384419682027,0.0332335625156154,0.0310320499434998,0.0310320499434998,0.0749283525771711,0.0529722351074754,0.0337001332707115,0.0277801025860205,0.0394671193343529,0.0388951318385743,0.0579814996134274,0.0540225654688958,0.0503313079494452,0.032109451121853,0.0367673001937836,0.021842333899515,0.0504689293421897,0.0292111332254624,0.043781295994845,0.0422019025788675,0.021842333899515,0.0214715993089966,0.0265770354874134,0.0265770354874134,0.0238042149021002,0.024496863024516,0.0221982334481915,0.0213691141785906,0.0107997452299348,0.0139050360006189,0.0223062107135722,0.020239347727976,0.019404596920429,0.0225249844770002,0.0436989512583792,0.0361033456500665,0.0173296899130124,0.0224524363912443,0.0313483489138252,0.0291647810105673,0.0202308628335687,0.0225249844770002,0.0364407256850564,0.0225249844770002,0.0225249844770002,0.0436989512583792,0.0361033456500665,0.0251419867925136,0.0173296899130124,0.0224524363912443,0.0313483489138252,0.0291647810105673,0.0310673345459941,0.0803698047795418,0.0368201461924877,0.0342256087513177,0.0519217339560344,0.0355282420702635,0.0355282420702635,0.080913522079695,0.068016597951316,0.0315113897969561,0.0410861559192827,0.0454813407154209,0.0467375022579047,0.0355282420702635,0.0355282420702635,0.080913522079695,0.0620559146662188,0.068016597951316,0.0424270098982106,0.0315113897969561,0.0412131906826388,0.0410861559192827,0.0541955244885777,0.0454813407154209,0.0222672959037641,0.0349110468323269,0.0350526820471261,0.0491969196489083,0.0730386255689971,0.0508462454206563,0.0417121526161042,0.0446139915065604,0.0372455475726663,0.0513636040135946,0.0660555203545663,0.0159629471773771,0.0182858351370701,0.0578088652829359,0.0722475775074199,0.0725505327056029,0.0371203500207389,0.0675929078067521,0.0518562446209759,0.0506235212934588,0.04274023011543,0.0423943522292534,0.04274023011543,0.0551789055040045,0.0401038431753368,0.0564753750307763
0.00573098858171939,0.00101571057426175,0.00426733033475868,0.000638561779360725,0,0.00484786579837493,0.00976431105951248,0.0165814262482605,0.00508678363324455,0.0122064910593103,0.00469763895609576,0.00326737366462304,0.0231888564479759,0.013330362132613,0.0196670235697456,0.0193576206420483,0.0064160914114112,0.005062616417709,0.0193633015269359,0.0193633015269359,0.0481735416118951,0.0349394388131249,0.0435849725240386,0.0235698432290365,0.019047684733175,0.0389365492310482,0.0372701766995195,0.0209272732967895,0.0243386963705519,0.0243386963705519,0.0661692061288588,0.0460071264317806,0.0566265868448469,0.0220404224428505,0.0322950796907792,0.0319259475930057,0.050891680526495,0.0458879199149709,0.0434556945701712,0.0263814851899579,0.0301972356349062,0.0280587051969253,0.0280587051969253,0.0719183012750338,0.0505651156391382,0.0321458881507508,0.0247861459555794,0.0361786408295892,0.0357757833045173,0.0546324290940615,0.0501299033258593,0.0468652521670558,0.0289400080445469,0.0333559716232624,0.0193633015269359,0.0481735416118951,0.0265085610472572,0.0405839946876267,0.0389365492310482,0.0193633015269359,0.019047684733175,0.0277917498325549,0.0277917498325549,0.0236482300329213,0.0247199448956577,0.0221078054347127,0.0222084578009012,0.00983243408444845,0.0127265595006204,0.0217926236551931,0.0198348080879712,0.0186911301615802,0.0227011346701596,0.0441794754384282,0.0366398896410681,0.0154237404185776,0.0203694974635537,0.0296543416247549,0.0275851373106661,0.0186110295136201,0.0227011346701596,0.0366240280631132,0.0227011346701596,0.0227011346701596,0.0441794754384282,0.0366398896410681,0.025784055497358,0.0154237404185776,0.0203694974635537,0.0296543416247549,0.0275851373106661,0.0297336659350023,0.0776474806114421,0.0358199685301571,0.0313673835343191,0.0491422790721382,0.034864318272171,0.034864318272171,0.0794282382412487,0.0664366916521365,0.0295587692567812,0.0390922783000509,0.043974649027799,0.0449465992561516,0.034864318272171,0.034864318272171,0.0794282382412487,0.0607369855675481,0.0664366916521365,0.042269058078764,0.0295587692567812,0.039001279461338,0.0390922783000509,0.0523768016141102,0.043974649027799,0.0200983423494847,0.031568411727121,0.0359748436062952,0.0526218114443476,0.073564927503967,0.0528065184570059,0.0437254527467354,0.0462739234497699,0.0391023949361703,0.0505487946300411,0.0647523471698191,0.0154050906529123,0.0179393791989407,0.0574926719766418,0.0712154756666741,0.0716561349158664,0.0365581321503091,0.0661101402774605,0.050971390290234,0.0504829701291887,0.0417218612633434,0.0420224734653295,0.0417218612633434,0.0531121338572877,0.0384122922863528,0.0548470297482975
0.00241914400088861,0.00477997821907072,0.00295490074995752,0.00460355717363525,0.00484786579837493,0,0.00427137999107396,0.00840271588549546,0.00405551175331742,0.00593812412132055,0.00432164258759815,0.00376536974075325,0.0136095331740997,0.00405359975176711,0.0085070842816245,0.0107526680340657,0.00484725802707708,0.00424811675676939,0.0212435419918683,0.0212435419918683,0.0474067592031663,0.033850133861113,0.0421246809443572,0.0227986222468071,0.0247608344811149,0.0384375234116814,0.0376219423514348,0.0234678077373555,0.0254622639644412,0.0254622639644412,0.0640727405374587,0.0435555750030967,0.0536971942729327,0.0270750718450158,0.0357136674786019,0.0346995866362545,0.0482740846365507,0.0444001051856482,0.0427869528600019,0.0280268977150464,0.0310874423127969,0.0284685708856657,0.0284685708856657,0.0689886771915595,0.0472664155184104,0.0292616423428853,0.0290185463529492,0.0386080981274146,0.0378146017904641,0.0514035262450592,0.0484080755654115,0.0455512977446619,0.0298359251983853,0.0336506042502522,0.0212435419918683,0.0474067592031663,0.0301931179875711,0.0389690878515783,0.0384375234116814,0.0212435419918683,0.0247608344811149,0.0253807793357558,0.0253807793357558,0.019989118282744,0.0204497491884147,0.0181741051950167,0.0194355639648854,0.0123440082846812,0.0139619279781367,0.016729854834972,0.0155911327269711,0.0157653102398022,0.0227231074434621,0.0429544920974168,0.0347860264419056,0.0196734782694087,0.0231135885076226,0.0265669555835494,0.0258172600450266,0.0193835762779727,0.0227231074434621,0.0346971699189772,0.0227231074434621,0.0227231074434621,0.0429544920974168,0.0347860264419056,0.0249167706447772,0.0196734782694087,0.0231135885076226,0.0265669555835494,0.0258172600450266,0.0293111826096577,0.0747560063746615,0.03375761882266,0.0341579511869161,0.04695862577387,0.0334202354950233,0.0334202354950233,0.075378963872901,0.0621188254739253,0.0295684335174304,0.0375985482664885,0.0388159365402179,0.040657940352312,0.0334202354950233,0.0334202354950233,0.075378963872901,0.0567586682523329,0.0621188254739253,0.0388535037167008,0.0295684335174304,0.0380170959808317,0.0375985482664885,0.0467478092688793,0.0388159365402179,0.0250860960362135,0.0354621230699438,0.0327974315538604,0.0508089118082927,0.0652851162480915,0.0497642069554262,0.0412590941140422,0.0444714993911043,0.0342156275413364,0.0446155636385355,0.0576583068240795,0.0145691532951671,0.0196992489184452,0.0513912636584153,0.0630331028970745,0.0639901767330719,0.0290339681701198,0.0580553751062489,0.044461459341096,0.0431818933653471,0.0382413406266956,0.0381980385146025,0.0382413406266956,0.0470995827889378,0.0340713060398332,0.047825958776066
0.00659500289520465,0.0082185537417514,0.00731394331599655,0.0115584358520829,0.00976431105951248,0.00427137999107396,0,0.0127923762616149,0.0077111317156342,0.0107298321596675,0.0117921584888588,0.0089126549477152,0.014489261495094,0.00874576290783735,0.00566712902133704,0.014549060837034,0.0117942981106596,0.00884997137540433,0.0200280335629303,0.0200280335629303,0.0433303653978924,0.0315671976384215,0.0369446120071009,0.0235581198667693,0.0240699851701682,0.0310825724025567,0.0311037903044936,0.0216380790838296,0.0233207439741514,0.0233207439741514,0.057593732246187,0.0396590561015373,0.0467668531258891,0.0244202612628499,0.0299643127264642,0.0297661926250327,0.0399921537713254,0.0353962173219606,0.0348491452422661,0.0245554959997554,0.0260260005575482,0.0244089036409548,0.0244089036409548,0.0604078147426234,0.0408505810189781,0.0273631792156241,0.0246708682934306,0.031091751575075,0.0312814819695268,0.0421903406418198,0.0375419560053588,0.0363019150053679,0.0244980516700353,0.0267105627089674,0.0200280335629303,0.0433303653978924,0.0271910402788205,0.031832639710844,0.0310825724025567,0.0200280335629303,0.0240699851701682,0.0369382149073773,0.0369382149073773,0.0251632773464899,0.0268456989657984,0.0235254967492234,0.0288050783692356,0.0154612076610902,0.0149896770680088,0.0185907020802335,0.0170564509810929,0.0167843615250233,0.0312757549448215,0.0511562921249586,0.0431421293519787,0.0203783633642415,0.0216788845143644,0.0238891084038114,0.0243919363323155,0.0201026884295415,0.0312757549448215,0.0416517484106584,0.0312757549448215,0.0312757549448215,0.0511562921249586,0.0431421293519787,0.033940715132337,0.0203783633642415,0.0216788845143644,0.0238891084038114,0.0243919363323155,0.0324756152619496,0.0704903363463953,0.0370238668724325,0.0296601934279479,0.0400695582974024,0.038986173438935,0.038986173438935,0.0758064982040633,0.0617696590887612,0.0269575614689593,0.0341589138371275,0.0350671221423906,0.0366149229110069,0.038986173438935,0.038986173438935,0.0758064982040633,0.0578629301596439,0.0617696590887612,0.0445336841060341,0.0269575614689593,0.0332768737359393,0.0341589138371275,0.0434796805190824,0.0350671221423906,0.0240640187229978,0.0297351355673078,0.0405496279211373,0.0677212996109958,0.0689841947018469,0.0613180785147646,0.0520163761298871,0.0549647377259276,0.0466301513223769,0.0404330112635162,0.0534467599994087,0.0182549533165772,0.0238748474798506,0.0523921925146097,0.0616126376772437,0.0632215501427659,0.0278836556458143,0.0545985859867089,0.0428519066054239,0.0421899291464848,0.0396105070069952,0.0410130616817633,0.0396105070069952,0.0412638429232962,0.0295428795416622,0.0414846625322317
0.00419825688944253,0.0179766287846669,0.00947068782121496,0.0150381558624022,0.0165814262482605,0.00840271588549546,0.0127923762616149,0,0.0101371281850322,0.00240284082339859,0.00676875163699486,0.00780282136876476,0.00460940773674057,0.00307082214594978,0.00651473282559678,0.000916318393828885,0.00552999395681097,0.00627597628766197,0.0456631822700715,0.0456631822700715,0.0770218797591928,0.0608319956626169,0.0705691518785592,0.0465532908955042,0.0512428589754649,0.068052379273109,0.0664773040565938,0.0498097209992662,0.0503422381686723,0.0503422381686723,0.0956337009619572,0.0712025916677668,0.0827261152857831,0.0538115034265245,0.0632982250268493,0.062494508485069,0.0751171176274277,0.0737671107743947,0.0714082138726584,0.0545906743977113,0.0582504401872889,0.0517814477856946,0.0517814477856946,0.0995834478947806,0.0737942616411318,0.0520294411388487,0.0548595823444356,0.0651981028804608,0.0647958593698871,0.0767734399744374,0.077091370771998,0.0729771515954127,0.0549995680714391,0.0597237183510702,0.0456631822700715,0.0770218797591928,0.0577151099428934,0.065607169567815,0.068052379273109,0.0456631822700715,0.0512428589754649,0.0373585970536422,0.0373585970536422,0.0356183825544237,0.0338352913787444,0.0327061372749239,0.0328851244468336,0.0314907459701387,0.0325048209113786,0.0327660501062766,0.0337465195238782,0.0335372532996607,0.0405174309661717,0.0655162516341393,0.0554947652266856,0.0431206129309797,0.0460477644504649,0.0510994085714855,0.0488802463003579,0.041349245801754,0.0405174309661717,0.056344244086432,0.0405174309661717,0.0405174309661717,0.0655162516341393,0.0554947652266856,0.0444581900420882,0.0431206129309797,0.0460477644504649,0.0510994085714855,0.0488802463003579,0.053237277914394,0.109344097787546,0.0598893473829236,0.0602547631086635,0.0748163720946243,0.0565004618783057,0.0565004618783057,0.10914970316638,0.0929320625270896,0.0546509676366813,0.0642880117798528,0.0652131338989338,0.0665363269752979,0.0565004618783057,0.0565004618783057,0.10914970316638,0.085695347046042,0.0929320625270896,0.0646389657301728,0.0546509676366813,0.0637467810695093,0.0642880117798528,0.0745932541754137,0.0652131338989338,0.0499144813486574,0.0625644449887192,0.0515322224267106,0.0597645166831713,0.0794829973960678,0.0662621181236869,0.0524455462651178,0.0591910015702929,0.0416127948160359,0.0569116438560832,0.0762496084653744,0.0312323740230117,0.0392334407848356,0.0719274328110767,0.0851407226607133,0.0875396171399371,0.0350838868463434,0.0793913809936396,0.0625629468771562,0.0539492528904036,0.0606705336250398,0.0571605779654851,0.0606705336250398,0.0666027964928433,0.0503739480684714,0.0647338159394411
0.0057297119754911,0.00338149312754588,0.00788848269862075,0.00551828735710957,0.00508678363324455,0.00405551175331742,0.0077111317156342,0.0101371281850322,0,0.00893639595790885,0.00270510867085749,0.00140135170409705,0.0128471459357992,0.00560239233403848,0.00954030523745053,0.0127260048392891,0.00382554709565841,0.00252758074017312,0.0227292301844545,0.0227292301844545,0.0523603769080176,0.0371447637999347,0.0465120796141719,0.0239498002240991,0.03128943341238,0.0451630970308846,0.0436266534137852,0.0267085743351143,0.0261616314383573,0.0261616314383573,0.0687516080282401,0.0463621247359718,0.0575958469807089,0.0331339651647971,0.0428768022656267,0.0409328491693332,0.0497366418993701,0.0504196687793543,0.0479028346398933,0.0301708326266243,0.0340393910979336,0.0281791936224077,0.0281791936224077,0.073323168713514,0.049752389645819,0.0291665717828468,0.0349433970450376,0.0457407103773102,0.0440988698609329,0.0522848409804187,0.053948802995109,0.0502200931141993,0.0316253666925457,0.0362929145765368,0.0227292301844545,0.0523603769080176,0.0368276517168795,0.041418621443634,0.0451630970308846,0.0227292301844545,0.03128943341238,0.0186908969823156,0.0186908969823156,0.01658997400229,0.0157418799785018,0.0141579219276865,0.0146432579476582,0.0166591398127649,0.0185856802378592,0.0159311874602586,0.0182363468256994,0.0183133748354691,0.0181281893627356,0.0417220960247888,0.0325435463298492,0.0247730345074684,0.0286419154443625,0.0313157256252328,0.0297161266038025,0.0212432704554059,0.0181281893627356,0.0330808049962679,0.0181281893627356,0.0181281893627356,0.0417220960247888,0.0325435463298492,0.0223454952833473,0.0247730345074684,0.0286419154443625,0.0313157256252328,0.0297161266038025,0.0261007053270023,0.0790661014786491,0.0330611667095944,0.0406922136418399,0.0529284062574068,0.0290044347954234,0.0290044347954234,0.0774704516236623,0.062861248282466,0.0348159400104111,0.0428972992917079,0.0440838408522574,0.0451723482995408,0.0290044347954234,0.0290044347954234,0.0774704516236623,0.0565317841865306,0.062861248282466,0.0376059917437295,0.0348159400104111,0.0440721333545613,0.0428972992917079,0.0488903383912914,0.0440838408522574,0.0324188750455192,0.0436150122394047,0.0302370278282003,0.0439381626091981,0.0583392626719459,0.0462873033982663,0.0371585879136649,0.0405216679612652,0.0256006978712524,0.0428559049905237,0.0556850918467902,0.0125133731878799,0.0210388625957837,0.0487478817680029,0.0594122909586892,0.0618565826569318,0.0230355744997819,0.0541610730540258,0.0397910759322507,0.0385992084084892,0.0374936530040989,0.0358959289098706,0.0374936530040989,0.0461441826010669,0.0327573883496947,0.0467788274562664
0.00355732850945545,0.0141925964925156,0.00437681571792792,0.0111770917974562,0.0122064910593103,0.00593812412132055,0.0107298321596675,0.00240284082339859,0.00893639595790885,0,0.00558438634497838,0.00599247340574705,0.00783292706535299,0.00335653187097562,0.00779761342770002,0.00411441237370935,0.00519633623772398,0.0054337527539069,0.0411919813330314,0.0411919813330314,0.0741442818481142,0.0583034413252504,0.0681314436353004,0.0430247596617429,0.0439710242084527,0.0636111587837914,0.0623399548909979,0.0448965372545165,0.0467373330073034,0.0467373330073034,0.0938071419728002,0.0697501516824914,0.0814922003621931,0.0475468851028508,0.0581946909292806,0.0577342834104572,0.0748031648604227,0.0706742610774717,0.0685620495783735,0.0509321631493517,0.0548279448401059,0.0496489326714474,0.0496489326714474,0.0991281823357995,0.0737345901565182,0.0507053686692012,0.0496315146122804,0.061207963808427,0.0610807416635309,0.0777083024271387,0.0750162178851075,0.0713032728980675,0.0524746108438713,0.0573131617014966,0.0411919813330314,0.0741442818481142,0.0517757441943723,0.0640053369772442,0.0636111587837914,0.0411919813330314,0.0439710242084527,0.0351285802514038,0.0351285802514038,0.0340504273660469,0.0332649911292964,0.0314753571221982,0.0302485412307777,0.0256060352945862,0.0277602346265375,0.0315893073772814,0.0309721061099525,0.0310712312866576,0.036944658232442,0.0617499259567532,0.0525608186675839,0.0361493568408218,0.0402304873538034,0.0468198890290703,0.0451690850299253,0.0368898089360699,0.036944658232442,0.0531502379490184,0.036944658232442,0.036944658232442,0.0617499259567532,0.0525608186675839,0.040074913595105,0.0361493568408218,0.0402304873538034,0.0468198890290703,0.0451690850299253,0.0503238501470522,0.10491460621951,0.0554627238813556,0.0546754621926294,0.0719039694094996,0.0538163983523287,0.0538163983523287,0.104707805631895,0.0898507149009076,0.0500421647634465,0.0602993382777681,0.0623020768800981,0.0643446574075185,0.0538163983523287,0.0538163983523287,0.104707805631895,0.0831078249097353,0.0898507149009076,0.060315891097757,0.0500421647634465,0.0599926186006979,0.0602993382777681,0.0724413994218401,0.0623020768800981,0.0430035741303733,0.0567642962838238,0.0503074544333567,0.0599608051749499,0.0849130695266783,0.0661181865656483,0.0531282493966679,0.0591951532558995,0.0414611750130853,0.0614208674239151,0.0799933441905977,0.0296761913300355,0.0361017681728855,0.0725792083671711,0.0874384364963539,0.0883165496243938,0.0406555729819761,0.0829487400776732,0.0660223751173029,0.0590927457806456,0.0609744918831912,0.05893564915139,0.0609744918831912,0.0701572316636969,0.0534835175268555,0.0683616621688614
0.00342852969984964,0.00579237993980064,0.00550429112774753,0.0034340443274512,0.00469763895609576,0.00432164258759815,0.0117921584888588,0.00676875163699486,0.00270510867085749,0.00558438634497838,0,0.000741014410914342,0.0125692105348822,0.00527951833277374,0.0127467201635814,0.00912544674149485,0.000734150567806791,0.00130819190552112,0.0303328403028251,0.0303328403028251,0.0620627484051264,0.0458919794919885,0.0565047796501518,0.0315835632906787,0.0352737494598095,0.054546136046385,0.0527045250855477,0.0338725806045178,0.0349468423082254,0.0349468423082254,0.0807482433084971,0.0566794641023153,0.0692648183565037,0.0383757254758544,0.0495597013426775,0.0481918237984373,0.0625042959420249,0.0610722298720471,0.0582726724382692,0.0389257251462306,0.0433148277394183,0.0381386207776059,0.0381386207776059,0.0865310508824296,0.0614470706497792,0.0390890778900576,0.0410283353298251,0.0532733765276124,0.0520631257287737,0.0656448728546225,0.0656296500073982,0.0613137377371521,0.041230660654446,0.0464989941651427,0.0303328403028251,0.0620627484051264,0.0427639650107081,0.0527666183333132,0.054546136046385,0.0303328403028251,0.0352737494598095,0.0231264012656248,0.0231264012656248,0.0233377998849247,0.0220696532361283,0.0207817533573497,0.0193940907256999,0.0188419371938943,0.021626914103157,0.022897084489689,0.0235487162383626,0.0235410832414991,0.0236216265152738,0.0474863748057573,0.0383873887580068,0.0283041372984331,0.0331409576349406,0.0388302802934902,0.0365215083385344,0.0271076417243102,0.0236216265152738,0.0394660945087059,0.0236216265152738,0.0236216265152738,0.0474863748057573,0.0383873887580068,0.0273831621611774,0.0283041372984331,0.0331409576349406,0.0388302802934902,0.0365215083385344,0.0356148982926133,0.0919000871752974,0.0423792271779173,0.0469576016324091,0.0626951203077079,0.0381767348328005,0.0381767348328005,0.08947602866377,0.0749610570701325,0.041434671343885,0.0509587374180321,0.0530411791132841,0.054532282042263,0.0381767348328005,0.0381767348328005,0.08947602866377,0.0679048369215448,0.0749610570701325,0.0463966350105507,0.041434671343885,0.051710998612651,0.0509587374180321,0.0604838283178263,0.0530411791132841,0.0359356038507269,0.049925443425312,0.036193725642215,0.0450429204233368,0.0694744255193376,0.0510030678622274,0.0404414552777884,0.0447548919479683,0.0301502576032979,0.0518711460716567,0.0677596789594522,0.0186522136840678,0.0252076952382545,0.0590034016466493,0.0727511601790047,0.0742999377091763,0.0318755379391752,0.0681923514446703,0.051645893790328,0.04796983286245,0.0465422342300851,0.0442087477532659,0.0465422342300851,0.0581647318196205,0.0425115950029191,0.0584351743963549
0.00333537883845803,0.00370013244284606,0.00480856373908589,0.00318502174420021,0.00326737366462304,0.00376536974075325,0.0089126549477152,0.00780282136876476,0.00140135170409705,0.00599247340574705,0.000741014410914342,0,0.0123640194956837,0.00580794364011827,0.0113829331985534,0.0101372145635604,0.0015617878469858,0.000803208447883175,0.0268285407264023,0.0268285407264023,0.0579728142096542,0.042519747339993,0.052303191243504,0.0291104878294225,0.0316695098407244,0.0496437932345422,0.047914202268014,0.0299464178321645,0.0312826090810349,0.0312826090810349,0.0760962876896044,0.0530736077936182,0.0648162521003097,0.0343597304025353,0.0449736271403902,0.0437715699436153,0.0574792490526895,0.0558992612070481,0.0532693332000209,0.0345971543592452,0.0387327109993342,0.0341083130814939,0.0341083130814939,0.0815157293601377,0.057283026798703,0.0361994245725178,0.036692166140149,0.0484074707019059,0.0473853434858474,0.0605154066827972,0.0599517357715811,0.0561083438127506,0.0365608998124286,0.0415112560436538,0.0268285407264023,0.0579728142096542,0.0386865436002799,0.0479082219660698,0.0496437932345422,0.0268285407264023,0.0316695098407244,0.0237779724210436,0.0237779724210436,0.0219268042319612,0.0212722882529168,0.0195889321205611,0.0194427843118493,0.0168183257761237,0.0192477937215995,0.0211115814287985,0.0218995063934411,0.021543264708822,0.0227614185870906,0.0463016884592902,0.0374601533155383,0.0251046501440729,0.029592210447408,0.0354932582531987,0.033356079938516,0.0241207372165112,0.0227614185870906,0.0380643912611036,0.0227614185870906,0.0227614185870906,0.0463016884592902,0.0374601533155383,0.0267464389188566,0.0251046501440729,0.029592210447408,0.0354932582531987,0.033356079938516,0.0329936109606759,0.0870728998834362,0.039906812384117,0.0426103262593263,0.0582289019150879,0.0362836888793457,0.0362836888793457,0.0859355967351887,0.0714523574056919,0.0379132190443188,0.047255276237488,0.049945047075051,0.0510993618330048,0.0362836888793457,0.0362836888793457,0.0859355967351887,0.0647968688868642,0.0714523574056919,0.0448104778137209,0.0379132190443188,0.0477708181873502,0.047255276237488,0.0568520591348526,0.049945047075051,0.0324662748780197,0.044967351227176,0.0355999437747277,0.0474172485498063,0.0682870785859168,0.0514797376356441,0.0410846375814603,0.0449244407262519,0.0316674932869456,0.0491685978399741,0.064398816530898,0.0169269865009185,0.023446917688971,0.0567588076125424,0.0697580525383157,0.0713961190827197,0.0300583369089853,0.0647723034321045,0.0489467463069582,0.046054377368224,0.0439728240889631,0.0423375801981573,0.0439728240889631,0.0541359614047408,0.0390273931015502,0.0547569941156972
0.0104048180234622,0.0228987249120154,0.0170569674135114,0.0225025136160262,0.0231888564479759,0.0136095331740997,0.014489261495094,0.00460940773674057,0.0128471459357992,0.00783292706535299,0.0125692105348822,0.0123640194956837,0,0.00660859853345175,0.00523513328195435,0.00353003597337964,0.00998738963800738,0.00943286082496086,0.0518745405767688,0.0518745405767688,0.0730064883948149,0.0590056496692267,0.0674705477039531,0.0492782892915234,0.0583351215057045,0.0677925108821235,0.0664169565530929,0.0523814476671252,0.055758699608936,0.055758699608936,0.0889046843459335,0.0673213044223311,0.0774275930781401,0.0598625563982129,0.0663196935178569,0.0650633421136576,0.0701196060320416,0.0721317912809959,0.070011743795493,0.055460733027327,0.0585386778098759,0.0563999602469251,0.0563999602469251,0.09220360815284,0.0692158241559713,0.0527268681747187,0.0598755795862833,0.0671218939881824,0.0664905671802689,0.0711008776581527,0.0743632271285108,0.0706020278884891,0.0551949484341071,0.0592620401271258,0.0518745405767688,0.0730064883948149,0.0617140240898755,0.0626113546444529,0.0677925108821235,0.0518745405767688,0.0583351215057045,0.0417047170925294,0.0417047170925294,0.0327390030648199,0.0324054301848417,0.03145102736964,0.035280273775435,0.0367806367819694,0.0357055783004816,0.0310327906179984,0.0347502322060949,0.0337899316616906,0.0415035261916584,0.0586256858323005,0.0503492956365202,0.0463221842452837,0.0466189298535677,0.0485604918468109,0.0460578384532215,0.0405374598804962,0.0415035261916584,0.0506119521296928,0.0415035261916584,0.0415035261916584,0.0586256858323005,0.0503492956365202,0.0436561074656253,0.0463221842452837,0.0466189298535677,0.0485604918468109,0.0460578384532215,0.051636656077114,0.0983141455269338,0.0561078626159299,0.060646940826717,0.0709383676608771,0.0542378916600069,0.0542378916600069,0.0982465430395345,0.0827274365351716,0.0537895585765779,0.0612071621130572,0.0631221468443046,0.0627267834690262,0.0542378916600069,0.0542378916600069,0.0982465430395345,0.0760838960910696,0.0827274365351716,0.0604892076475748,0.0537895585765779,0.060674741071835,0.0612071621130572,0.0678641048272358,0.0631221468443046,0.0560088859076654,0.0644258351358591,0.0464014264959292,0.0555962658129164,0.0666856246497357,0.0589783537977425,0.0455948826395308,0.0520670936248188,0.0461122507683166,0.0448813543039094,0.0618370423799547,0.0313910821249583,0.0396706726879704,0.0606061919698421,0.0719030497775055,0.0740125753747547,0.0285431625078,0.0673789267687904,0.0533488119653396,0.0421316823089235,0.0538190638568717,0.0497362243318809,0.0538190638568717,0.0572873030062275,0.0440222314525348,0.0536059032438815
