"HLA-DPAB*01:03_01:01","HLA-DPAB*01:03_02:01","HLA-DPAB*01:03_03:01","HLA-DPAB*01:03_04:01","HLA-DPAB*01:03_04:02","HLA-DPAB*01:03_13:01","HLA-DPAB*01:03_17:01","HLA-DPAB*02:01_01:01","HLA-DPAB*02:01_02:01","HLA-DPAB*02:01_03:01","HLA-DPAB*02:01_04:01","HLA-DPAB*02:01_04:02","HLA-DPAB*02:01_05:01","HLA-DPAB*02:01_13:01","HLA-DPAB*02:01_17:01","HLA-DPAB*02:02_01:01","HLA-DPAB*02:02_04:01","HLA-DPAB*02:02_04:02","HLA-DQAB*01:01_02:01","HLA-DQAB*01:01_02:02","HLA-DQAB*01:01_03:01","HLA-DQAB*01:01_03:02","HLA-DQAB*01:01_03:03","HLA-DQAB*01:01_04:02","HLA-DQAB*01:01_05:01","HLA-DQAB*01:01_06:02","HLA-DQAB*01:01_06:03","HLA-DQAB*01:01_06:04","HLA-DQAB*01:02_02:01","HLA-DQAB*01:02_02:02","HLA-DQAB*01:02_03:01","HLA-DQAB*01:02_03:02","HLA-DQAB*01:02_03:03","HLA-DQAB*01:02_05:01","HLA-DQAB*01:02_05:02","HLA-DQAB*01:02_05:03","HLA-DQAB*01:02_06:01","HLA-DQAB*01:02_06:02","HLA-DQAB*01:02_06:03","HLA-DQAB*01:02_06:04","HLA-DQAB*01:02_06:09","HLA-DQAB*01:03_02:01","HLA-DQAB*01:03_02:02","HLA-DQAB*01:03_03:01","HLA-DQAB*01:03_03:02","HLA-DQAB*01:03_04:02","HLA-DQAB*01:03_05:01","HLA-DQAB*01:03_05:02","HLA-DQAB*01:03_05:03","HLA-DQAB*01:03_06:01","HLA-DQAB*01:03_06:02","HLA-DQAB*01:03_06:03","HLA-DQAB*01:03_06:04","HLA-DQAB*01:03_06:09","HLA-DQAB*01:04_02:01","HLA-DQAB*01:04_03:01","HLA-DQAB*01:04_05:03","HLA-DQAB*01:04_06:01","HLA-DQAB*01:04_06:02","HLA-DQAB*01:05_02:01","HLA-DQAB*01:05_05:01","HLA-DQAB*02:01_02:01","HLA-DQAB*02:01_02:02","HLA-DQAB*02:01_03:01","HLA-DQAB*02:01_03:02","HLA-DQAB*02:01_03:03","HLA-DQAB*02:01_04:02","HLA-DQAB*02:01_05:01","HLA-DQAB*02:01_05:02","HLA-DQAB*02:01_06:01","HLA-DQAB*02:01_06:02","HLA-DQAB*02:01_06:03","HLA-DQAB*03:01_02:02","HLA-DQAB*03:01_03:01","HLA-DQAB*03:01_03:02","HLA-DQAB*03:01_05:01","HLA-DQAB*03:01_05:02","HLA-DQAB*03:01_06:02","HLA-DQAB*03:01_06:03","HLA-DQAB*03:01_06:04","HLA-DQAB*03:02_02:01","HLA-DQAB*03:02_03:03","HLA-DQAB*03:03_02:01","HLA-DQAB*03:03_02:02","HLA-DQAB*03:03_03:01","HLA-DQAB*03:03_03:02","HLA-DQAB*03:03_04:02","HLA-DQAB*03:03_05:01","HLA-DQAB*03:03_05:02","HLA-DQAB*03:03_06:02","HLA-DQAB*03:03_06:03","HLA-DQAB*04:01_02:02","HLA-DQAB*04:01_03:01","HLA-DQAB*04:01_04:02","HLA-DQAB*04:01_05:01","HLA-DQAB*04:01_06:03","HLA-DQAB*05:01_02:01","HLA-DQAB*05:01_02:02","HLA-DQAB*05:01_03:01","HLA-DQAB*05:01_03:03","HLA-DQAB*05:01_05:01","HLA-DQAB*05:01_05:03","HLA-DQAB*05:01_06:02","HLA-DQAB*05:01_06:03","HLA-DQAB*05:05_02:01","HLA-DQAB*05:05_02:02","HLA-DQAB*05:05_03:01","HLA-DQAB*05:05_03:02","HLA-DQAB*05:05_03:03","HLA-DQAB*05:05_04:02","HLA-DQAB*05:05_05:01","HLA-DQAB*05:05_05:02","HLA-DQAB*05:05_05:03","HLA-DQAB*05:05_06:01","HLA-DQAB*05:05_06:02","HLA-DRB1*01:01","HLA-DRB1*01:02","HLA-DRB1*03:01","HLA-DRB1*04:01","HLA-DRB1*04:02","HLA-DRB1*04:04","HLA-DRB1*04:05","HLA-DRB1*04:07","HLA-DRB1*07:01","HLA-DRB1*08:01","HLA-DRB1*08:04","HLA-DRB1*09:01","HLA-DRB1*10:01","HLA-DRB1*11:01","HLA-DRB1*11:03","HLA-DRB1*11:04","HLA-DRB1*12:01","HLA-DRB1*13:01","HLA-DRB1*13:02","HLA-DRB1*13:03","HLA-DRB1*14:01","HLA-DRB1*14:04","HLA-DRB1*14:54","HLA-DRB1*15:01","HLA-DRB1*15:02","HLA-DRB1*16:01"
0,0.118980632816142,0.0756302521008403,0.0733732257694791,0.102278843864789,0.05906335397787,0.0985305137576381,0.0378151260504201,0.156559657956686,0.113445378151261,0.111109157751717,0.139857869005333,0.0901447510949184,0.0970383755662071,0.136266445739876,0.0607945817753996,0.133883631937827,0.162470918624225,0.663183465145696,0.663183465145696,0.734057334457367,0.724221450036044,0.74992438118431,0.778177493796554,0.823363559875033,0.839794856630844,0.844525826298153,0.823717186736481,0.654867007494973,0.654867007494973,0.725874483209901,0.715989254514732,0.741725180567402,0.815147911497128,0.811040087308175,0.824068698179489,0.802427307488509,0.831579208252939,0.836342975050687,0.815517986119573,0.794608790552364,0.641654223888972,0.641654223888972,0.713027978408224,0.703041650127708,0.757150232121292,0.802427307488509,0.798311209727853,0.811418385811119,0.789654502173793,0.818891698531133,0.823717186736481,0.80282443893027,0.781846818685229,0.663183465145696,0.734057334457367,0.832251549426954,0.810659503009821,0.839794856630844,0.663183465145696,0.823363559875033,0.613566335542562,0.613566335542562,0.686841457162136,0.676470588235294,0.702926269891718,0.731655594792971,0.777777289437929,0.77358440810657,0.764705882352941,0.794548814763369,0.799578532583767,0.651990849497135,0.723663757757728,0.713670760980459,0.81364502425457,0.809503802571338,0.830209910987497,0.835023138959838,0.814024180243987,0.651990849497135,0.739633852341582,0.651990849497135,0.651990849497135,0.723663757757728,0.713670760980459,0.768091585739021,0.81364502425457,0.809503802571338,0.830209910987497,0.835023138959838,0.627105253467324,0.699989582790767,0.744767640329504,0.790793147811069,0.812493489244229,0.596580240401576,0.596580240401576,0.670139668210783,0.686189721716604,0.76100576411249,0.7703504019189,0.777777289437929,0.782876743632414,0.596580240401576,0.596580240401576,0.670139668210783,0.659663865546218,0.686189721716604,0.714884069467532,0.76100576411249,0.75681288278113,0.7703504019189,0.747899159663866,0.777777289437929,0.704765753399314,0.720245035064841,0.659663865546218,0.640164214235039,0.656183730828495,0.659663865546218,0.638655462184874,0.661788773735107,0.647797968165775,0.639412205503055,0.660376612159854,0.751578396849023,0.719729430173726,0.634453781512605,0.645566465175521,0.641347018332372,0.700158445814737,0.627105253467324,0.620249784116629,0.602529003225001,0.656767335577878,0.666663699391263,0.656767335577878,0.629153789838587,0.622377380423504,0.642619295561114
0.118980632816142,0,0.135682421767495,0.0458250505287249,0.016597510373444,0.140413990654893,0.0958254845621541,0.156559657956686,0.0373443983402489,0.173261446908038,0.0833253760537968,0.053941908713693,0.112492295906631,0.178151913016385,0.133325810087226,0.179159541284536,0.106027174040154,0.0766025757785113,0.756196265583164,0.756196265583164,0.751981285045434,0.799570465265746,0.767781759537888,0.755069394828254,0.857123813649815,0.799973339109741,0.833298896505948,0.837039831254658,0.747931732213102,0.747931732213102,0.743849523899383,0.791389667929655,0.75963375110062,0.84895946014409,0.836712929885503,0.812969493640819,0.770937674589425,0.791808985604016,0.825167135359896,0.828891822817391,0.808137692615466,0.734989080044057,0.734989080044057,0.731115721570186,0.778671794971686,0.734124086577011,0.83638405327816,0.824112857274023,0.800373793286956,0.75817844265425,0.779118471925517,0.812595805942857,0.816302046121191,0.795480066597701,0.756196265583164,0.751981285045434,0.821101254786871,0.779118471925517,0.799973339109741,0.756196265583164,0.857123813649815,0.70881928445163,0.70881928445163,0.705394190871369,0.753648612967547,0.721413119352048,0.708330801471663,0.81249837237464,0.799998263866283,0.732771376778356,0.754164532668973,0.788381742738589,0.745831126996735,0.741783760800301,0.789686698187221,0.847731468065142,0.835385370881235,0.790116347873575,0.823757170070046,0.827506308885384,0.745831126996735,0.75768743391042,0.745831126996735,0.745831126996735,0.741783760800301,0.789686698187221,0.744847324865914,0.847731468065142,0.835385370881235,0.790116347873575,0.823757170070046,0.722075082414559,0.718425897546811,0.721413119352048,0.82536344795203,0.801241810033043,0.691939242970566,0.691939242970566,0.688796680497925,0.704781066776051,0.795831561030164,0.759336099585062,0.737497721324496,0.771784232365145,0.691939242970566,0.691939242970566,0.688796680497925,0.736946824016194,0.704781066776051,0.691663990127186,0.795831561030164,0.783331452521806,0.759336099585062,0.716069587827003,0.737497721324496,0.652889598457386,0.697095435684647,0.645086984783754,0.596672725032069,0.608329933404804,0.636736090308077,0.624209748594563,0.609958506224066,0.654163664602114,0.624996744749281,0.637496853257638,0.757313678311988,0.666619180748968,0.582455276216181,0.597462161477413,0.618427673900465,0.723314057784155,0.57890164002206,0.54295182917748,0.596606607189126,0.692598197216104,0.70228972359267,0.692598197216104,0.598342824441774,0.562878235447949,0.591782324713757
0.0756302521008403,0.135682421767495,0,0.148845089733956,0.118980632816142,0.05906335397787,0.0398301751186005,0.113445378151261,0.173261446908038,0.0378151260504201,0.186581021716194,0.156559657956686,0.127880683077157,0.0970383755662071,0.077566107100839,0.136266445739876,0.209198098725842,0.179138164024738,0.683974609272505,0.683974609272505,0.697234503843772,0.744801938839324,0.713027978408224,0.741207076095979,0.831579208252939,0.80282443893027,0.807702995684558,0.831916387353388,0.675658151621781,0.675658151621781,0.689051652596306,0.736569743318012,0.704828777791316,0.823363559875033,0.811040087308175,0.787245867565893,0.765382427642604,0.794608790552364,0.799520144437092,0.823717186736481,0.80282443893027,0.662488280639613,0.662488280639613,0.676131575632139,0.723663757757728,0.720105352275388,0.810659503009821,0.798311209727853,0.774521983035033,0.752534708439757,0.781846818685229,0.786820783960395,0.811040087308175,0.790079014206541,0.683974609272505,0.697234503843772,0.795428718813359,0.773614623163916,0.80282443893027,0.683974609272505,0.831579208252939,0.634798954468795,0.634798954468795,0.649262432021592,0.697478991596639,0.665269036497711,0.693919662810733,0.786163052100649,0.77358440810657,0.726890756302521,0.75681288278113,0.761999507443223,0.672955256153934,0.686543964023692,0.734419256561585,0.821927467621034,0.809503802571338,0.792938915838411,0.797903345225801,0.822289772233143,0.672955256153934,0.70243868839038,0.672955256153934,0.672955256153934,0.686543964023692,0.734419256561585,0.730820590589935,0.821927467621034,0.809503802571338,0.792938915838411,0.797903345225801,0.648292454974863,0.662488280639613,0.707110406935497,0.799161421898626,0.774992187093075,0.617812859327809,0.617812859327809,0.632560643070239,0.648532488322596,0.76939152677521,0.732771376778356,0.740041357455691,0.74529771849187,0.617812859327809,0.617812859327809,0.632560643070239,0.680672268907563,0.648532488322596,0.677148137485294,0.76939152677521,0.75681288278113,0.732771376778356,0.710084033613445,0.740041357455691,0.629917634542802,0.645086984783754,0.626050420168067,0.581586295622138,0.614254917514896,0.600840336134454,0.617647058823529,0.603332512405372,0.710691188136172,0.651990849497135,0.635219324171695,0.776841610728783,0.660278097180275,0.609243697478992,0.620249784116629,0.616030337273481,0.730142601233263,0.610155492261294,0.603371996744035,0.623671077521544,0.682191977386924,0.691980380450155,0.682191977386924,0.608319733087946,0.601628884842378,0.613864526238445
0.0733732257694791,0.0458250505287249,0.148845089733956,0,0.0291582391842484,0.128403668819482,0.142259414225941,0.111109157751717,0.0833253760537968,0.186581021716194,0.0376569037656904,0.0666585647093204,0.104602510460251,0.166299161479505,0.179916317991632,0.133891213389121,0.0605407502140562,0.0893793775413612,0.713683086660246,0.713683086660246,0.783608569263774,0.774088729185528,0.79954027731634,0.799138151089359,0.844229586559095,0.831931922340076,0.865265712937821,0.824086365808216,0.705384045693876,0.705384045693876,0.775442854896369,0.765873773883184,0.791358247819047,0.836031143746415,0.831931922340076,0.84485142701931,0.802841072743734,0.823733479527397,0.857099998570417,0.815904336310924,0.795038929683019,0.692301707479729,0.692301707479729,0.762721144578524,0.753052960928095,0.778196206836701,0.823378460999595,0.819270983348423,0.832268395305509,0.79009501678888,0.811056028046078,0.844541439551447,0.803237372495698,0.782303684487873,0.713683086660246,0.783608569263774,0.853017141386714,0.811056028046078,0.831931922340076,0.713683086660246,0.844229586559095,0.665227187975483,0.665227187975483,0.737497721324496,0.727462713461612,0.753652907833908,0.753138075313807,0.799163179916318,0.794979079497908,0.76519864544385,0.786610878661088,0.820831778046878,0.702928870292887,0.773631880850753,0.763962507672013,0.834698041674179,0.830565492716034,0.822300394799743,0.855947560541389,0.814413658828041,0.702928870292887,0.789668813338446,0.702928870292887,0.702928870292887,0.773631880850753,0.763962507672013,0.789240003134579,0.834698041674179,0.830565492716034,0.822300394799743,0.855947560541389,0.678628978585722,0.750514897956537,0.766179031164387,0.812108150042811,0.833676598637692,0.648276665847659,0.648276665847659,0.72083090998002,0.736951410059936,0.782426778242678,0.791664858194045,0.769874476987448,0.804164966702402,0.648276665847659,0.648276665847659,0.72083090998002,0.710691188136172,0.736951410059936,0.736401673640167,0.782426778242678,0.778242677824268,0.791664858194045,0.748427120118411,0.769874476987448,0.676337402311582,0.72083090998002,0.660376612159854,0.611690176755143,0.656903765690377,0.660376612159854,0.610062036183536,0.633330150421519,0.631799163179916,0.610878661087866,0.661087866108787,0.735291781041352,0.690652971167218,0.605869154852177,0.646308735173123,0.642098124877565,0.700786386931585,0.627886185730836,0.591570801330869,0.573824487418319,0.657486148229519,0.667361786650914,0.657486148229519,0.629930431968864,0.594181153541356,0.614673187804076
0.102278843864789,0.016597510373444,0.118980632816142,0.0291582391842484,0,0.157186400593334,0.112492295906631,0.139857869005333,0.053941908713693,0.156559657956686,0.0666585647093204,0.0373443983402489,0.0958254845621541,0.194924322954826,0.149992621431702,0.16249272994006,0.0893951214641566,0.0600393932812648,0.739667198843039,0.739667198843039,0.751981285045434,0.799570465265746,0.767781759537888,0.767315925086842,0.857123813649815,0.799973339109741,0.833298896505948,0.837039831254658,0.731402665472977,0.731402665472977,0.743849523899383,0.791389667929655,0.75963375110062,0.84895946014409,0.836712929885503,0.812969493640819,0.770937674589425,0.791808985604016,0.825167135359896,0.828891822817391,0.808137692615466,0.718425897546811,0.718425897546811,0.731115721570186,0.778671794971686,0.746395282581149,0.83638405327816,0.824112857274023,0.800373793286956,0.75817844265425,0.779118471925517,0.812595805942857,0.816302046121191,0.795480066597701,0.739667198843039,0.751981285045434,0.821101254786871,0.779118471925517,0.799973339109741,0.739667198843039,0.857123813649815,0.691939242970566,0.691939242970566,0.705394190871369,0.753648612967547,0.721413119352048,0.72083090998002,0.81249837237464,0.799998263866283,0.732771376778356,0.754164532668973,0.788381742738589,0.729164315652258,0.741783760800301,0.789686698187221,0.847731468065142,0.835385370881235,0.790116347873575,0.823757170070046,0.827506308885384,0.729164315652258,0.75768743391042,0.729164315652258,0.729164315652258,0.741783760800301,0.789686698187221,0.757193422049822,0.847731468065142,0.835385370881235,0.790116347873575,0.823757170070046,0.705231148015442,0.718425897546811,0.733887158784046,0.82536344795203,0.801241810033043,0.675059201489501,0.675059201489501,0.688796680497925,0.704781066776051,0.795831561030164,0.759336099585062,0.737497721324496,0.771784232365145,0.675059201489501,0.675059201489501,0.688796680497925,0.736946824016194,0.704781066776051,0.704164098635544,0.795831561030164,0.783331452521806,0.759336099585062,0.716069587827003,0.737497721324496,0.644625065087324,0.688796680497925,0.628385195832401,0.580040672456072,0.624996744749281,0.628385195832401,0.615858854118887,0.601659751037344,0.645830258929876,0.616663339077042,0.6291634475854,0.748945184460677,0.658179160008436,0.574104381740505,0.614234571415854,0.610041468931244,0.714800644177514,0.595745574421177,0.559724239115921,0.57979854915534,0.684176230016545,0.69390351862345,0.684176230016545,0.598342824441774,0.562878235447949,0.583617971208032
0.05906335397787,0.140413990654893,0.05906335397787,0.128403668819482,0.157186400593334,0,0.0441914629083213,0.0970383755662071,0.178151913016385,0.0970383755662071,0.166299161479505,0.194924322954826,0.145246110001715,0.038135593220339,0.0820869555683438,0.119982448228366,0.189046996422543,0.217511574786425,0.670110909932092,0.670110909932092,0.724715384945745,0.714788358056976,0.740633104578325,0.756613583388134,0.814366292414679,0.830867066422263,0.835650976087012,0.814737931841661,0.661759287398727,0.661759287398727,0.716497933750095,0.706521353942685,0.732399234882399,0.806115905410887,0.801990711908991,0.815107348097888,0.793324897142736,0.822616679418471,0.827433524891362,0.806504062145735,0.785489937901406,0.648507873166095,0.648507873166095,0.703580690946657,0.69350228464762,0.735455868342702,0.793324897142736,0.789191395085591,0.802387127297772,0.780481366031403,0.809858905371317,0.814737931841661,0.793740324905199,0.772657386857009,0.670110909932092,0.724715384945745,0.823324799293538,0.801591901257027,0.830867066422263,0.670110909932092,0.814366292414679,0.620461318408545,0.620461318408545,0.677131108685008,0.666663699391263,0.693266480512153,0.709467889606494,0.768416433744307,0.764205823448749,0.755272083097383,0.785258874926539,0.790344875769486,0.658940566059797,0.714211589738997,0.704125570141729,0.804539586015998,0.800380853803572,0.8211745148657,0.826041837232433,0.804937267839944,0.658940566059797,0.73023239169354,0.658940566059797,0.658940566059797,0.714211589738997,0.704125570141729,0.746317335042039,0.804539586015998,0.800380853803572,0.8211745148657,0.826041837232433,0.634039239815148,0.690352173979655,0.722679283750714,0.781504890227835,0.803331786176267,0.603403400134772,0.603403400134772,0.660358698746567,0.676459164375833,0.751573992562075,0.760993158377214,0.768416433744307,0.773572465831045,0.603403400134772,0.603403400134772,0.660358698746567,0.649785912018669,0.676459164375833,0.692625448424262,0.751573992562075,0.747363382266517,0.760993158377214,0.738394295724789,0.768416433744307,0.678462532465457,0.69390351862345,0.683541486763858,0.638642703069112,0.621045073399775,0.649785912018669,0.628688677802926,0.651972493777347,0.701046669015378,0.654729955764239,0.67578300724203,0.775898019250452,0.710015389345855,0.649785912018669,0.635593220338983,0.656779661016949,0.716096861967903,0.617017809108876,0.610169491525424,0.626326121694593,0.672337458904261,0.682203389830508,0.672337458904261,0.631770152840671,0.62494790581346,0.653483745840734
0.0985305137576381,0.0958254845621541,0.0398301751186005,0.142259414225941,0.112492295906631,0.0441914629083213,0,0.136266445739876,0.133325810087226,0.077566107100839,0.179916317991632,0.149992621431702,0.121338912133891,0.0820869555683438,0.0376569037656904,0.158995815899582,0.202503481292821,0.172541078222515,0.705384045693876,0.705384045693876,0.701951425589726,0.749443863278495,0.717719982343417,0.733550608587925,0.836031143746415,0.807336593902038,0.812188569549691,0.836359410054155,0.697085004727507,0.697085004727507,0.693785711222322,0.741228907976151,0.709537952846125,0.827832700933736,0.815535036714717,0.791774283631179,0.769981251534356,0.799138151089359,0.804022855182286,0.828177380556863,0.807336593902038,0.683985537411614,0.683985537411614,0.680900849605602,0.728358257020904,0.712476564417945,0.81516350569725,0.802841072743734,0.779085203573109,0.757168744912626,0.786411162139045,0.791358247819047,0.815535036714717,0.794626117441389,0.705384045693876,0.701951425589726,0.799939997998583,0.778196206836701,0.807336593902038,0.705384045693876,0.836031143746415,0.656751926911571,0.656751926911571,0.654163664602114,0.702305425473453,0.670145418964046,0.686192468619247,0.790794979079498,0.778242677824268,0.731655594792971,0.761506276150628,0.76666464117733,0.694560669456067,0.691316201160118,0.739116455848014,0.826432943757888,0.814035296883452,0.79750510105087,0.802442368742476,0.826786081572838,0.694560669456067,0.707185995039798,0.694560669456067,0.694560669456067,0.691316201160118,0.739116455848014,0.723119219804251,0.826432943757888,0.814035296883452,0.79750510105087,0.802442368742476,0.670171846443241,0.667353197275383,0.699373040068498,0.803757401155825,0.779621493194941,0.639801404783747,0.639801404783747,0.637496853257638,0.653443921190074,0.774058577405858,0.737497721324496,0.744769874476988,0.749997829832854,0.639801404783747,0.639801404783747,0.637496853257638,0.685533900148013,0.653443921190074,0.669456066945607,0.774058577405858,0.761506276150628,0.737497721324496,0.714884069467532,0.744769874476988,0.647290758929289,0.662497070274352,0.651990849497135,0.60751480231165,0.589958158995816,0.618447798846256,0.635219324171695,0.620830041913161,0.723849372384937,0.661087866108787,0.644351464435146,0.798317547460078,0.67794007957135,0.618447798846256,0.604202632217543,0.625255683695333,0.730707748238427,0.585600525018431,0.578938970444194,0.632898320845482,0.699771808941924,0.709467889606494,0.699771808941924,0.60082383673046,0.594181153541356,0.622871630616755
0.0378151260504201,0.156559657956686,0.113445378151261,0.111109157751717,0.139857869005333,0.0970383755662071,0.136266445739876,0,0.118980632816142,0.0756302521008403,0.0733732257694791,0.102278843864789,0.05240881911268,0.05906335397787,0.0985305137576381,0.0230586497931613,0.0962263985438191,0.124969616473071,0.642392321018887,0.642392321018887,0.713600206338703,0.703640961232763,0.72942637964204,0.75763837285179,0.80282443893027,0.819255735686081,0.824068698179489,0.803219185194211,0.629917634542802,0.629917634542802,0.701325929467504,0.691292667950795,0.717127578716678,0.790500966363412,0.786393142174459,0.799520144437092,0.777730720924573,0.806932263119223,0.81179442130829,0.790920384268849,0.769961845418648,0.616653355788203,0.616653355788203,0.688430376557501,0.678295120971684,0.732453645557356,0.777730720924573,0.773614623163916,0.786820783960395,0.764907973017769,0.794195111967197,0.799119584885757,0.778177493796554,0.757150232121292,0.642392321018887,0.713600206338703,0.81179442130829,0.790079014206541,0.819255735686081,0.642392321018887,0.80282443893027,0.57959414526059,0.57959414526059,0.65343787925943,0.642857142857143,0.669453173541489,0.698112544142093,0.744234238787051,0.740041357455691,0.73109243697479,0.76100576411249,0.766174954681061,0.618447798846256,0.690668385549696,0.680473168050657,0.780515250788716,0.776374029105484,0.797080137521643,0.802027766751805,0.780961812287363,0.618447798846256,0.706571484384958,0.618447798846256,0.618447798846256,0.690668385549696,0.680473168050657,0.734961812273166,0.780515250788716,0.776374029105484,0.797080137521643,0.802027766751805,0.622867813165817,0.695822771440639,0.740583503285726,0.786609010767291,0.808326677894101,0.592333716616329,0.592333716616329,0.665964220972945,0.682005584672825,0.75681288278113,0.766174954681061,0.77358440810657,0.778701296394576,0.592333716616329,0.592333716616329,0.665964220972945,0.65546218487395,0.682005584672825,0.710691188136172,0.75681288278113,0.75262000144977,0.766174954681061,0.743697478991597,0.77358440810657,0.704765753399314,0.720245035064841,0.659663865546218,0.640164214235039,0.656183730828495,0.659663865546218,0.638655462184874,0.661788773735107,0.647797968165775,0.639412205503055,0.660376612159854,0.751578396849023,0.719729430173726,0.634453781512605,0.645566465175521,0.641347018332372,0.700158445814737,0.627105253467324,0.620249784116629,0.602529003225001,0.656767335577878,0.666663699391263,0.656767335577878,0.629153789838587,0.622377380423504,0.642619295561114
0.156559657956686,0.0373443983402489,0.173261446908038,0.0833253760537968,0.053941908713693,0.178151913016385,0.133325810087226,0.118980632816142,0,0.135682421767495,0.0458250505287249,0.016597510373444,0.0749919703815586,0.140413990654893,0.0958254845621541,0.141659215759464,0.0686050557441602,0.0393354151597067,0.735534932158008,0.735534932158008,0.731651882180306,0.779118471925517,0.74741173844472,0.734658511063942,0.836712929885503,0.779562455345429,0.812969493640819,0.81666981016149,0.723138132102915,0.723138132102915,0.719454240461229,0.766847275921379,0.735189725788819,0.824466399626916,0.812219869368328,0.788574210202665,0.746395282581149,0.767315925086842,0.800771851921742,0.804447797505589,0.783644632098291,0.710144306298187,0.710144306298187,0.706671696258384,0.754079772190762,0.709581694568735,0.811841661269884,0.799570465265746,0.775929767975155,0.733586419873326,0.754576079917241,0.788151780631055,0.791808985604016,0.770937674589425,0.735534932158008,0.731651882180306,0.800771851921742,0.758666478585287,0.779562455345429,0.735534932158008,0.836712929885503,0.675059201489501,0.675059201489501,0.672199170124481,0.720245035064841,0.688149014200054,0.67499717878271,0.779164749685687,0.76666464117733,0.69936779887565,0.72083090998002,0.755186721991701,0.712497504307782,0.708994397092402,0.756696376334236,0.814808542241389,0.802462445057482,0.757193422049822,0.790967806362148,0.794650367720695,0.712497504307782,0.724831492745731,0.712497504307782,0.712497504307782,0.708994397092402,0.756696376334236,0.711924399042161,0.814808542241389,0.802462445057482,0.757193422049822,0.790967806362148,0.71786409881478,0.714285101922499,0.717255106208049,0.821205434808031,0.797101014408731,0.687719232600299,0.687719232600299,0.684647302904564,0.700623053632051,0.791664858194045,0.755186721991701,0.733331018488377,0.767634854771784,0.687719232600299,0.687719232600299,0.684647302904564,0.732771376778356,0.700623053632051,0.687497287291067,0.791664858194045,0.779164749685687,0.755186721991701,0.711894140589165,0.733331018488377,0.652889598457386,0.697095435684647,0.645086984783754,0.596672725032069,0.608329933404804,0.636736090308077,0.624209748594563,0.609958506224066,0.654163664602114,0.624996744749281,0.637496853257638,0.757313678311988,0.666619180748968,0.582455276216181,0.597462161477413,0.618427673900465,0.723314057784155,0.57890164002206,0.54295182917748,0.596606607189126,0.692598197216104,0.70228972359267,0.692598197216104,0.598342824441774,0.562878235447949,0.591782324713757
0.113445378151261,0.173261446908038,0.0378151260504201,0.186581021716194,0.156559657956686,0.0970383755662071,0.077566107100839,0.0756302521008403,0.135682421767495,0,0.148845089733956,0.118980632816142,0.0901447510949184,0.05906335397787,0.0398301751186005,0.0985305137576381,0.171540865331834,0.141636861873584,0.663183465145696,0.663183465145696,0.676777375725107,0.724221450036044,0.692529976865955,0.720667955151216,0.811040087308175,0.782285317985506,0.787245867565893,0.811418385811119,0.650708778669611,0.650708778669611,0.664503098853909,0.711873156754076,0.680231175940593,0.798716614741317,0.786393142174459,0.762697313823496,0.740685841078668,0.769961845418648,0.774971590694695,0.799119584885757,0.778177493796554,0.637487412538844,0.637487412538844,0.651533973781415,0.698917228601704,0.695408765711451,0.785962916445885,0.773614623163916,0.74992438118431,0.727788179283732,0.757150232121292,0.762223182109672,0.786393142174459,0.765382427642604,0.663183465145696,0.676777375725107,0.774971590694695,0.753034134360636,0.782285317985506,0.663183465145696,0.811040087308175,0.600826764186823,0.600826764186823,0.615858854118887,0.663865546218487,0.631795940147482,0.660376612159854,0.75262000144977,0.740041357455691,0.69327731092437,0.723269832130252,0.728595929540518,0.639412205503055,0.653548591815659,0.701221663631784,0.78879769415518,0.776374029105484,0.759809142372557,0.764907973017769,0.789227404276519,0.639412205503055,0.669376320433755,0.639412205503055,0.639412205503055,0.653548591815659,0.701221663631784,0.697690817124081,0.78879769415518,0.776374029105484,0.759809142372557,0.764907973017769,0.644055014673355,0.658321469289485,0.702926269891718,0.794977284854848,0.770825375742947,0.613566335542562,0.613566335542562,0.628385195832401,0.644348351278818,0.76519864544385,0.728595929540518,0.735848476124331,0.741122271254032,0.613566335542562,0.613566335542562,0.628385195832401,0.676470588235294,0.644348351278818,0.672955256153934,0.76519864544385,0.75262000144977,0.728595929540518,0.705882352941176,0.735848476124331,0.629917634542802,0.645086984783754,0.626050420168067,0.581586295622138,0.614254917514896,0.600840336134454,0.617647058823529,0.603332512405372,0.710691188136172,0.651990849497135,0.635219324171695,0.776841610728783,0.660278097180275,0.609243697478992,0.620249784116629,0.616030337273481,0.730142601233263,0.610155492261294,0.603371996744035,0.623671077521544,0.682191977386924,0.691980380450155,0.682191977386924,0.608319733087946,0.601628884842378,0.613864526238445
0.111109157751717,0.0833253760537968,0.186581021716194,0.0376569037656904,0.0666585647093204,0.166299161479505,0.179916317991632,0.0733732257694791,0.0458250505287249,0.148845089733956,0,0.0291582391842484,0.0669456066945606,0.128403668819482,0.142259414225941,0.0962343096234309,0.0229623802226185,0.0519566122348418,0.692935484244322,0.692935484244322,0.763194283345262,0.753551340929667,0.779085203573109,0.778642044057661,0.823733479527397,0.811435815308378,0.84485142701931,0.803631292064986,0.680486922794767,0.680486922794767,0.750945711794155,0.741228907976151,0.766812159327171,0.811435815308378,0.807336593902038,0.820354283917095,0.778196206836701,0.799138151089359,0.832602855468202,0.791358247819047,0.770443601244981,0.667353197275383,0.667353197275383,0.738175056086648,0.728358257020904,0.753551340929667,0.798733595092562,0.794626117441389,0.807722306813632,0.76540031288169,0.786411162139045,0.81999535105957,0.778642044057661,0.757658818580839,0.692935484244322,0.763194283345262,0.832602855468202,0.790518639790217,0.811435815308378,0.692935484244322,0.823733479527397,0.631326143719835,0.631326143719835,0.704164098635544,0.693919662810733,0.720249912285963,0.719665271966527,0.765690376569038,0.761506276150628,0.731655594792971,0.753138075313807,0.787498155357926,0.669456066945607,0.740705608974499,0.730834438573348,0.801637650009015,0.79750510105087,0.789240003134579,0.823021288665134,0.781420531508581,0.669456066945607,0.756675686018987,0.669456066945607,0.669456066945607,0.740705608974499,0.730834438573348,0.756179611469415,0.801637650009015,0.79750510105087,0.789240003134579,0.823021288665134,0.674400412514481,0.74635681292248,0.762003656720894,0.807932775599318,0.829518513603634,0.644039035315703,0.644039035315703,0.716664207143901,0.732776035616443,0.778242677824268,0.787498155357926,0.765690376569038,0.799998263866283,0.644039035315703,0.644039035315703,0.716664207143901,0.706498306804812,0.732776035616443,0.732217573221757,0.778242677824268,0.774058577405858,0.787498155357926,0.744234238787051,0.765690376569038,0.676337402311582,0.72083090998002,0.660376612159854,0.611690176755143,0.656903765690377,0.660376612159854,0.610062036183536,0.633330150421519,0.631799163179916,0.610878661087866,0.661087866108787,0.735291781041352,0.690652971167218,0.605869154852177,0.646308735173123,0.642098124877565,0.700786386931585,0.627886185730836,0.591570801330869,0.573824487418319,0.657486148229519,0.667361786650914,0.657486148229519,0.629930431968864,0.594181153541356,0.614673187804076
0.139857869005333,0.053941908713693,0.156559657956686,0.0666585647093204,0.0373443983402489,0.194924322954826,0.149992621431702,0.102278843864789,0.016597510373444,0.118980632816142,0.0291582391842484,0,0.0583251590370821,0.157186400593334,0.112492295906631,0.124992404414988,0.051973003168163,0.0227722326624603,0.719005865417884,0.719005865417884,0.731651882180306,0.779118471925517,0.74741173844472,0.74690504132253,0.836712929885503,0.779562455345429,0.812969493640819,0.81666981016149,0.70660906536279,0.70660906536279,0.719454240461229,0.766847275921379,0.735189725788819,0.824466399626916,0.812219869368328,0.788574210202665,0.746395282581149,0.767315925086842,0.800771851921742,0.804447797505589,0.783644632098291,0.693581123800941,0.693581123800941,0.706671696258384,0.754079772190762,0.721852890572873,0.811841661269884,0.799570465265746,0.775929767975155,0.733586419873326,0.754576079917241,0.788151780631055,0.791808985604016,0.770937674589425,0.719005865417884,0.731651882180306,0.800771851921742,0.758666478585287,0.779562455345429,0.719005865417884,0.836712929885503,0.658179160008436,0.658179160008436,0.672199170124481,0.720245035064841,0.688149014200054,0.687497287291067,0.779164749685687,0.76666464117733,0.69936779887565,0.72083090998002,0.755186721991701,0.695830692963305,0.708994397092402,0.756696376334236,0.814808542241389,0.802462445057482,0.757193422049822,0.790967806362148,0.794650367720695,0.695830692963305,0.724831492745731,0.695830692963305,0.695830692963305,0.708994397092402,0.756696376334236,0.724270496226069,0.814808542241389,0.802462445057482,0.757193422049822,0.790967806362148,0.701020164415662,0.714285101922499,0.729729145640047,0.821205434808031,0.797101014408731,0.670839191119234,0.670839191119234,0.684647302904564,0.700623053632051,0.791664858194045,0.755186721991701,0.733331018488377,0.767634854771784,0.670839191119234,0.670839191119234,0.684647302904564,0.732771376778356,0.700623053632051,0.699997395799424,0.791664858194045,0.779164749685687,0.755186721991701,0.711894140589165,0.733331018488377,0.644625065087324,0.688796680497925,0.628385195832401,0.580040672456072,0.624996744749281,0.628385195832401,0.615858854118887,0.601659751037344,0.645830258929876,0.616663339077042,0.6291634475854,0.748945184460677,0.658179160008436,0.574104381740505,0.614234571415854,0.610041468931244,0.714800644177514,0.595745574421177,0.559724239115921,0.57979854915534,0.684176230016545,0.69390351862345,0.684176230016545,0.598342824441774,0.562878235447949,0.583617971208032
0.0901447510949184,0.112492295906631,0.127880683077157,0.104602510460251,0.0958254845621541,0.145246110001715,0.121338912133891,0.05240881911268,0.0749919703815586,0.0901447510949184,0.0669456066945606,0.0583251590370821,0,0.107350617341692,0.0836820083682008,0.0753138075313807,0.0897683713185078,0.0810632074732458,0.692935484244322,0.692935484244322,0.726448568691941,0.753551340929667,0.742266070835294,0.741749051400604,0.840130365152755,0.803237372495698,0.836685712651905,0.840450424802801,0.680486922794767,0.680486922794767,0.714199997140833,0.741228907976151,0.729993026589355,0.827832700933736,0.819634258121057,0.812188569549691,0.769981251534356,0.79093970827668,0.824437141100798,0.828177380556863,0.807336593902038,0.667353197275383,0.667353197275383,0.701355923348832,0.728358257020904,0.716584042069117,0.81516350569725,0.806948550394906,0.79954027731634,0.757168744912626,0.778196206836701,0.811813321562278,0.815535036714717,0.794626117441389,0.692935484244322,0.726448568691941,0.824437141100798,0.782303684487873,0.803237372495698,0.692935484244322,0.840130365152755,0.631326143719835,0.631326143719835,0.666663773110472,0.693919662810733,0.682671542294526,0.682008368200837,0.782426778242678,0.774058577405858,0.723269832130252,0.744769874476988,0.779164749685687,0.669456066945607,0.703663553113714,0.730834438573348,0.818167845841598,0.809902747925306,0.780974905218288,0.814789720696071,0.818537799742973,0.669456066945607,0.719558417784595,0.669456066945607,0.669456066945607,0.703663553113714,0.730834438573348,0.718986670846105,0.818167845841598,0.809902747925306,0.780974905218288,0.814789720696071,0.674400412514481,0.70893404761596,0.724425286729456,0.824634273373291,0.821202343535518,0.644039035315703,0.644039035315703,0.679163881618829,0.695197665625005,0.794979079497908,0.779164749685687,0.757322175732218,0.791664858194045,0.644039035315703,0.644039035315703,0.679163881618829,0.706498306804812,0.695197665625005,0.694560669456067,0.794979079497908,0.786610878661088,0.779164749685687,0.735848476124331,0.757322175732218,0.692935484244322,0.708330801471663,0.647797968165775,0.628391674529116,0.644351464435146,0.647797968165775,0.647797968165775,0.649996961765995,0.673640167364017,0.648535564853556,0.648535564853556,0.777308958653836,0.707603493295042,0.622640680177616,0.633676904286449,0.629466293990891,0.71360982749166,0.615200487517114,0.608413242513101,0.611800523192924,0.682857544656962,0.692625448424262,0.682857544656962,0.617456176866691,0.610745188090688,0.631070073429435
0.0970383755662071,0.178151913016385,0.0970383755662071,0.166299161479505,0.194924322954826,0.038135593220339,0.0820869555683438,0.05906335397787,0.140413990654893,0.05906335397787,0.128403668819482,0.157186400593334,0.107350617341692,0,0.0441914629083213,0.0820869555683438,0.151230535115822,0.179851704054221,0.64923185359868,0.64923185359868,0.704171756956621,0.694120847771249,0.72004843033851,0.735987615878654,0.793740324905199,0.810241098912783,0.815107348097888,0.794153257601845,0.636704419798633,0.636704419798633,0.691845580163147,0.681720341599813,0.707697625794621,0.78136474439951,0.777239550897614,0.79045499451094,0.768523884799864,0.797865518407095,0.802781171304414,0.781802453057956,0.76073877689003,0.623401292677959,0.623401292677959,0.678879081858879,0.668651118537967,0.71065485599983,0.768523884799864,0.764390382742719,0.777685518209993,0.755630199921751,0.785057893028445,0.790036322753882,0.768989163893822,0.747856374514138,0.64923185359868,0.704171756956621,0.802781171304414,0.7809243909713,0.810241098912783,0.64923185359868,0.793740324905199,0.586345481860999,0.586345481860999,0.643586288808126,0.632908124646075,0.659651848239513,0.67578300724203,0.734731551379842,0.730520941084284,0.721516508352195,0.751573992562075,0.756800055892604,0.625255683695333,0.681076701592794,0.670787606214037,0.771269728316593,0.767110996104167,0.787904657166295,0.79290694908623,0.771735100663765,0.625255683695333,0.69703022451736,0.625255683695333,0.625255683695333,0.681076701592794,0.670787606214037,0.713047477342635,0.771269728316593,0.767110996104167,0.787904657166295,0.79290694908623,0.62978388213858,0.686167743898299,0.718477454716634,0.777303061193755,0.799147356094911,0.599138920566328,0.599138920566328,0.656165596261957,0.672257335341753,0.747363382266517,0.756800055892604,0.764205823448749,0.769379363346435,0.599138920566328,0.599138920566328,0.656165596261957,0.645566465175521,0.672257335341753,0.688414838128704,0.747363382266517,0.743152771970959,0.756800055892604,0.73417484888164,0.764205823448749,0.678462532465457,0.69390351862345,0.683541486763858,0.638642703069112,0.621045073399775,0.649785912018669,0.628688677802926,0.651972493777347,0.701046669015378,0.654729955764239,0.67578300724203,0.775898019250452,0.710015389345855,0.649785912018669,0.635593220338983,0.656779661016949,0.716096861967903,0.617017809108876,0.610169491525424,0.626326121694593,0.672337458904261,0.682203389830508,0.672337458904261,0.631770152840671,0.62494790581346,0.653483745840734
