"HLA-B*08:01","HLA-A*24:02","HLA-A*24:03","HLA-B*38:02","HLA-B*51:01","HLA-B*57:01","HLA-A*23:01","HLA-B*15:17","HLA-B*50:01","HLA-B*07:05","HLA-B*07:02","HLA-A*68:01","HLA-A*68:02","HLA-A*32:01","HLA-B*40:06","HLA-B*44:02","HLA-B*13:02","HLA-B*18:01","HLA-B*35:02","HLA-B*49:01","HLA-C*15:02","HLA-B*38:01","HLA-C*07:01","HLA-C*07:02","HLA-C*07:04","HLA-C*08:02","HLA-C*08:03","HLA-C*01:02","HLA-C*04:01","HLA-A*26:01","HLA-B*35:08","HLA-B*35:03","HLA-B*15:03","HLA-B*15:01","HLA-B*15:07","HLA-A*11:01","HLA-C*15:05","HLA-A*30:01","HLA-A*30:02","HLA-A*03:02","HLA-C*05:01","HLA-B*14:01","HLA-B*14:02","HLA-A*01:01","HLA-A*03:01","HLA-B*41:02","HLA-B*41:01","HLA-B*15:18","HLA-B*53:01","HLA-C*17:01","HLA-A*02:05","HLA-A*02:06","HLA-A*02:01","HLA-C*03:04","HLA-B*45:01","HLA-C*03:02","HLA-A*34:01","HLA-C*06:02","HLA-A*66:01","HLA-A*33:03","HLA-B*55:01","HLA-B*39:01","HLA-B*27:05","HLA-B*39:06","HLA-C*16:02","HLA-C*16:01","HLA-B*48:01","HLA-B*37:01","HLA-A*25:01","HLA-A*29:02","HLA-A*29:01","HLA-B*56:01","HLA-C*03:03","HLA-A*31:01","HLA-C*14:02","HLA-B*52:01","HLA-B*40:01","HLA-C*12:03","HLA-B*40:02","HLA-C*08:01","HLA-A*33:01","HLA-C*02:02","HLA-B*35:01","HLA-B*58:01","HLA-B*44:03"
0,0.51110628250734,0.444928534668261,0.286609379745031,0.366473617836632,0.538074790212911,0.502197104015855,0.529932325631998,0.350852217595016,0.190265486725664,0.212389380530973,0.462835999662041,0.41977748484599,0.454104550312655,0.285319935448402,0.411163098615677,0.3990996879089,0.279992888783537,0.221238938053097,0.425416489898291,0.438053097345133,0.298218613616234,0.396637671029604,0.432159665363379,0.354201648453002,0.34216175255703,0.34070796460177,0.392508948610469,0.403104716451037,0.524703854215419,0.271103912101853,0.259421682835317,0.315393411457674,0.370037940139376,0.346576774351949,0.52888423587071,0.422901889218589,0.47787610619469,0.43554998071302,0.497772817484813,0.383253927409179,0.23358667774433,0.23358667774433,0.625826837178262,0.542217700893237,0.165560880760259,0.227618520376167,0.298011534607837,0.354105849891048,0.546011243970866,0.497627311068694,0.503210199031206,0.502140682613599,0.389380530973451,0.333326748873646,0.41646804369467,0.507568004302862,0.424107503615796,0.534712238495385,0.441942041251547,0.267515677961944,0.182399810453615,0.356635452898893,0.2119365838953,0.422284896480638,0.381555153249306,0.26961402282531,0.288881865465222,0.518346380684015,0.463876930997643,0.463876930997643,0.264310041980949,0.389380530973451,0.485426420376683,0.39955703589098,0.423531316710483,0.319709383030623,0.437097559925214,0.232814078625807,0.34070796460177,0.46546691025466,0.467203186656659,0.278380328843791,0.53017194903958,0.453611834941765
0.51110628250734,0,0.0619101688386551,0.555991407538835,0.585937724020821,0.472951584323098,0.0585203514831409,0.461023162143278,0.665168995996135,0.555551165915764,0.564440142597449,0.46044327512336,0.412843655710657,0.339310828758731,0.60605051256394,0.562048853427596,0.563838560573913,0.633928571428571,0.58666258430166,0.590272587205797,0.582218095960818,0.532998862836715,0.667356056186977,0.664217836274818,0.635120327608299,0.534357769070857,0.537773212552394,0.568503522926961,0.489931609514515,0.500886107670227,0.620535714285714,0.612471199226985,0.649430235667898,0.610604221027366,0.609747463602242,0.450892857142857,0.566354700689567,0.457772422417232,0.366071428571429,0.419642857142857,0.513255276284208,0.604213130886443,0.604213130886443,0.400445926973201,0.477678571428571,0.538792456984468,0.572862073200426,0.671833094392794,0.5570458714205,0.683952780824038,0.370315177100102,0.374058036629372,0.372710474330411,0.573329119279133,0.616071428571429,0.601788712691156,0.509751748968459,0.591165212124458,0.558846797879526,0.461877997499369,0.594678258311111,0.567302560400679,0.538406908827502,0.599863824632448,0.520822410116169,0.541810205047343,0.644572224418962,0.571428571428571,0.450822665543405,0.443387627790703,0.443387627790703,0.592904412892246,0.573329119279133,0.429200511920808,0.525488393243635,0.5657226360749,0.642500996711102,0.608562437140438,0.572382012940121,0.537773212552394,0.485457325387449,0.587655836273137,0.633108701580616,0.510101226766678,0.569106711963639
0.444928534668261,0.0619101688386551,0,0.490185189024398,0.520463549699449,0.406155310580691,0.120395460033054,0.395130223606963,0.59824944459039,0.488981825567605,0.497792483747474,0.395629323928118,0.349041170152514,0.273853841687147,0.540103100962677,0.565907529054314,0.497811805737988,0.566354700689567,0.519819129197146,0.524012928916876,0.515413800107212,0.467243828695952,0.59802101136609,0.594228672771435,0.566895226513737,0.468130583576721,0.471360509207868,0.503182956895825,0.423467894096983,0.43645357489603,0.553079844588227,0.545243890741002,0.581240865758232,0.543859649122807,0.542856038776686,0.38493166730459,0.5,0.392064585589048,0.300857578662771,0.35395700306813,0.447368421052632,0.538724537790192,0.538724537790192,0.458946792921784,0.411481379507269,0.472526198588484,0.507503105096731,0.604394648941363,0.489990829393485,0.615134510295577,0.307464612342521,0.310154651444015,0.308669514421372,0.506603141927343,0.619454125094926,0.534339452924486,0.444652801162478,0.525791580905805,0.493463774870522,0.395501819995646,0.528379782780023,0.501092897481674,0.472755622837198,0.534413552162063,0.455326056649998,0.475977536422248,0.575437922116993,0.504405372216648,0.386538955471367,0.376524876454799,0.376524876454799,0.526315789473684,0.506603141927343,0.362951529823693,0.459339353553196,0.499981095336213,0.573883908368388,0.543035523418321,0.50550792002905,0.471360509207868,0.419033031743883,0.521721047712899,0.565383489396187,0.443139449146585,0.57290320260255
0.286609379745031,0.555991407538835,0.490185189024398,0,0.278943392956608,0.392280409118413,0.503178144680747,0.355207338939426,0.310193604850329,0.334752305038311,0.356635452898893,0.46868126613607,0.417525500415363,0.437915519696739,0.301717651181701,0.293081939989676,0.236440719834326,0.24386655541267,0.212206677019052,0.271147959841857,0.417908266908522,0.0238588747882009,0.52435750849598,0.560635952198542,0.54753723890568,0.406090886121943,0.369765341615242,0.527879602531112,0.462471607036702,0.487137336970825,0.279035552835337,0.219230655314407,0.247603451562565,0.328961701792797,0.353687140779762,0.555991407538835,0.394322574994798,0.527324006211431,0.468068913982169,0.542803033505336,0.389965183447998,0.220512066732324,0.220512066732324,0.629898483533467,0.542803033505336,0.275081522766489,0.287527400183315,0.187741947196187,0.211331292291554,0.515383216722482,0.443635149347259,0.422408427520667,0.438443614615359,0.448544673913337,0.371354171069836,0.458065636602576,0.487064200559398,0.541729621650322,0.51396837939622,0.470094083067304,0.340562439856918,0.104339360445441,0.324675324675325,0.169117257945444,0.476190476190476,0.492406614889864,0.268587489479667,0.252658804768337,0.484959566397577,0.474167081525287,0.474167081525287,0.337676484886397,0.448544673913337,0.513155174540483,0.554568164591457,0.295894686017719,0.300374845758221,0.528880919453602,0.263094101645059,0.369765341615242,0.49331340007558,0.477320595141988,0.250985026198683,0.353824140753732,0.254099987762281
0.366473617836632,0.585937724020821,0.520463549699449,0.278943392956608,0,0.371086719099034,0.533812533038445,0.32157880402442,0.273076254783315,0.353455952449713,0.375152061427911,0.558877407516444,0.515922475831632,0.482212049946354,0.277771182773443,0.400508651759531,0.234364339357574,0.315707607065988,0.197243967806691,0.199953747868027,0.448918831953782,0.255870959038541,0.62184855469489,0.658698314128891,0.626170427436489,0.45446366039021,0.453258053749422,0.540425531914894,0.5063807579611,0.525419468340079,0.280839204878268,0.234601727617294,0.31546677789518,0.339017325261402,0.328903709210178,0.594654824567751,0.434060585681331,0.570417042231689,0.49876671855152,0.625164676482006,0.434060585681331,0.31210036039232,0.31210036039232,0.681113233019118,0.568503522926961,0.367870590610878,0.331914893617021,0.298596134787412,0.178757367227317,0.537157414961402,0.54523796262408,0.517089607416562,0.533180945818373,0.414205057588666,0.389802961714894,0.445224391690794,0.547004410496952,0.566878004691461,0.55223778814717,0.562186063784086,0.273076254783315,0.370637034561798,0.497835577237638,0.299361478177363,0.510711588077698,0.531155690954919,0.372713484846818,0.394161511988359,0.476595744680851,0.567023926406425,0.567023926406425,0.27853525044872,0.414205057588666,0.605076987247219,0.558375344125408,0.0535136607877108,0.412389614408719,0.532907652118242,0.338974219305845,0.453258053749422,0.536958941096253,0.490353509654921,0.253018669126974,0.350571045695427,0.362326023116675
0.538074790212911,0.472951584323098,0.406155310580691,0.392280409118413,0.371086719099034,0,0.418181818181818,0.16399217054558,0.453198303896504,0.511166525565119,0.48874297169196,0.398017902972966,0.425084584502305,0.247163597376169,0.447896230780885,0.371296774342077,0.342059747777907,0.409885961934409,0.367655780776897,0.377624085735858,0.408018177748585,0.36873300124637,0.531003500330863,0.596199656025339,0.636363636363636,0.516719261374103,0.479773550142696,0.573394487780464,0.571096259909813,0.439436964505719,0.342315652232242,0.343778800535778,0.346937096519087,0.339180345608589,0.33325157356242,0.378353150740064,0.410620308245498,0.367655780776897,0.315287528351375,0.38736252536702,0.495455263876828,0.526023932261442,0.526023932261442,0.462741630834397,0.38736252536702,0.454071758218895,0.489832583325091,0.377999790101855,0.237002820260614,0.589976157179615,0.390728204155058,0.350725967398321,0.367033530331868,0.434926442396376,0.517998457457876,0.413079092508165,0.478814041857155,0.534801266849193,0.457891967518356,0.398183884244833,0.479871557364967,0.48764761902903,0.463254959878307,0.504080595792064,0.44107541276584,0.462089388385992,0.466631431748825,0.472951584323098,0.388678698984376,0.342458898432799,0.342458898432799,0.428480298904725,0.434926442396376,0.374148050830792,0.52566890468199,0.349328174536956,0.497711658525055,0.499691928498189,0.424682784031367,0.479773550142696,0.422108644931116,0.45998664825516,0.3137540158557,0.0612220762461871,0.331792034459658
0.502197104015855,0.0585203514831409,0.120395460033054,0.503178144680747,0.533812533038445,0.418181818181818,0,0.406704121032347,0.613237824707283,0.542559500987543,0.551528922536807,0.490971020896258,0.442639253677807,0.283444869791776,0.553900154470955,0.553529593373359,0.510990353078174,0.581064079846565,0.533590079438279,0.537663606546637,0.529105368663647,0.479871557364967,0.61376758850777,0.610123805817569,0.627272727272727,0.521194083028047,0.484258260917328,0.555802507895122,0.476285959468824,0.5314043375165,0.608092203727432,0.559522756524015,0.59637084437638,0.584755217172965,0.583841586183256,0.513493770144398,0.513315254536055,0.403533466973953,0.310782841037897,0.481960958950054,0.499920261541635,0.552355936024695,0.552355936024695,0.444682525988494,0.481960958950054,0.530143726335934,0.564598497837793,0.619640159414804,0.503374616737678,0.630978541461654,0.399432086952842,0.377226948320838,0.375886208229325,0.520135947114383,0.608092203727432,0.548522378852434,0.540649664009696,0.565521937906322,0.590113438855343,0.407233750647166,0.542109148791381,0.514379047601429,0.485434506990773,0.54796726873082,0.525357691793213,0.546554691036125,0.590777564014184,0.563045330592654,0.48103659338242,0.388121474930521,0.388121474930521,0.540105240524896,0.520135947114383,0.374148050830792,0.51224443972016,0.513102715639899,0.589036811520499,0.583076607081824,0.519070764776221,0.484258260917328,0.431138197354067,0.561792444075909,0.580125812332764,0.455780913765906,0.514862709950163
0.529932325631998,0.461023162143278,0.395130223606963,0.355207338939426,0.32157880402442,0.16399217054558,0.406704121032347,0,0.366994745540045,0.445674912301884,0.454544113705054,0.382859765559304,0.366413966559991,0.260059926604056,0.454065181599651,0.351292116736494,0.353807136072129,0.41647962182454,0.348113696867015,0.292264958555189,0.365852099673355,0.331827786958936,0.513510704511062,0.577763920296138,0.613458745521074,0.420348307869358,0.419067308092374,0.543370348862591,0.473209036256492,0.333108336139392,0.367481727473929,0.355555555555556,0.295935808950526,0.28916763504176,0.314152578013362,0.376390435537676,0.364224468608779,0.40576350598762,0.340755603282687,0.407570913760793,0.399545331463847,0.466225464978622,0.466225464978622,0.459816045652844,0.349664311346434,0.446897240333357,0.456393272455465,0.327427044245362,0.263385516799333,0.508964171696374,0.380322664606813,0.35798065356119,0.374106003368656,0.38802510318128,0.48774928633452,0.361600781226088,0.371083089202798,0.518301029370952,0.350637685875791,0.391485176605951,0.432932792879623,0.449317832954092,0.377139062104752,0.509621768638897,0.460479610132989,0.481287360928648,0.458951157353424,0.45211445407953,0.282439119641213,0.349805956980548,0.349805956980548,0.439281302175798,0.38802510318128,0.385625514816701,0.508844749416021,0.299699024748146,0.458171630817123,0.483583986442732,0.417777777777778,0.419067308092374,0.415172743640682,0.409121052131248,0.339279130220007,0.156916764857955,0.312104510253841
0.350852217595016,0.665168995996135,0.59824944459039,0.310193604850329,0.273076254783315,0.453198303896504,0.613237824707283,0.366994745540045,0,0.355238351259915,0.377169019584407,0.584411690277011,0.545026663506887,0.516533437173127,0.11445225285984,0.313825230011167,0.2,0.233413227675363,0.228040474977857,0.0739130434782609,0.3990996879089,0.321739130434783,0.482852187024719,0.518827587466671,0.502099268588686,0.378542408202615,0.377169019584407,0.496745099465372,0.465719872692646,0.541704401079689,0.277469938728503,0.243910390506164,0.14838917373615,0.200865743043929,0.225366241210302,0.581461244995169,0.419208436201325,0.54822823251545,0.493347822888889,0.607895271627053,0.419208436201325,0.308955592684988,0.308955592684988,0.682081246560913,0.550621547257971,0.185978083983707,0.118228593080352,0.203483931639972,0.324422648941941,0.523242205267499,0.527552625428894,0.49890956747191,0.510817927096899,0.359624484924813,0.114460107831884,0.355331416637407,0.546426763659918,0.523565657068532,0.551707479903045,0.566303746538717,0.252173913043478,0.289758662997186,0.370931274863507,0.27032578109595,0.514098639894571,0.473913043478261,0.275993061834606,0.281875609833817,0.535457014891113,0.553411191786159,0.553411191786159,0.257634843264852,0.359624484924813,0.560888167707702,0.474824570312069,0.220771919269396,0.191674257132948,0.476351442904153,0.155992994053393,0.377169019584407,0.589354943474513,0.463198433274473,0.249358498824379,0.418953029997061,0.27486105629485
0.190265486725664,0.555551165915764,0.488981825567605,0.334752305038311,0.353455952449713,0.511166525565119,0.542559500987543,0.445674912301884,0.355238351259915,0,0.0221238938053098,0.427898503705101,0.385137334687542,0.458579103178945,0.311466767078338,0.487577047650284,0.394713554244002,0.3599936789187,0.265486725663717,0.42980262356319,0.34070796460177,0.346466083930118,0.419320465351799,0.455056453050339,0.421472310072481,0.22295616409421,0.278761061946903,0.29270684731076,0.336288080232869,0.429644625058503,0.293326353806064,0.303767689851166,0.288546094259936,0.348011294689703,0.324501665377353,0.439994469053862,0.325984649240031,0.464601769911504,0.43554998071302,0.479994864121444,0.264310041980949,0.224926640204718,0.224926640204718,0.559010200960095,0.462216910758074,0.289181491017999,0.349116730654074,0.271521403838322,0.398650274036493,0.393183345901652,0.489039743736535,0.490136783216238,0.506507869608217,0.274336283185841,0.439994469053862,0.300652540916513,0.416054093598084,0.415447466076184,0.412954693428757,0.477657750611448,0.153476202674582,0.230752509835391,0.312869157177729,0.259566790363166,0.365388712043125,0.324535415605625,0.265077463960871,0.413327539008808,0.422883501179945,0.472887402745582,0.472887402745582,0.189419447452064,0.274336283185841,0.521222843307001,0.333331708967191,0.397328194742778,0.346740798274439,0.346167165759287,0.259421682835317,0.278761061946903,0.501102449571016,0.32308601583428,0.322924752989236,0.503324631841842,0.485221067631085
0.212389380530973,0.564440142597449,0.497792483747474,0.356635452898893,0.375152061427911,0.48874297169196,0.551528922536807,0.454544113705054,0.377169019584407,0.0221238938053098,0,0.436632877694336,0.393797372227154,0.458579103178945,0.333255793436619,0.465102356757752,0.416644222568494,0.337771237214488,0.287610619469027,0.451733291887683,0.31858407079646,0.36839675225461,0.396637671029604,0.432159665363379,0.399048756199321,0.245031273068806,0.300884955752212,0.271010738332563,0.358560292305592,0.429644625058503,0.271103912101853,0.281594686343242,0.266173329928487,0.325984649240031,0.302426556402757,0.448883445735547,0.303958003790359,0.455752212389381,0.426661004031335,0.488883840803128,0.286336687430621,0.246576734053748,0.246576734053748,0.567919085789183,0.471105887439759,0.311256599992595,0.370812839632271,0.249446294863725,0.37637806196377,0.415658036794183,0.497627311068694,0.49885239375955,0.515242243597452,0.252212389380531,0.462216910758074,0.278380328843791,0.416054093598084,0.393797372227154,0.412954693428757,0.477657750611448,0.175406870999075,0.25273100955438,0.321622416321962,0.281216884212196,0.343505564182543,0.302604747281132,0.287760258283066,0.43554998071302,0.422883501179945,0.481897874493521,0.481897874493521,0.211446092901736,0.252212389380531,0.521222843307001,0.311256599992595,0.419164129715866,0.369266977644286,0.324517071910257,0.281594686343242,0.300884955752212,0.501102449571016,0.301250080861192,0.300652540916513,0.480951867510393,0.462643044281571
0.462835999662041,0.46044327512336,0.395629323928118,0.46868126613607,0.558877407516444,0.398017902972966,0.490971020896258,0.382859765559304,0.584411690277011,0.427898503705101,0.436632877694336,0,0.0939840005644509,0.27130831324313,0.556988222887526,0.525301643814249,0.506488882203951,0.486763115361245,0.449734438678189,0.60605691474175,0.37549225976969,0.493501747525108,0.480608585110935,0.543504864795433,0.544087088280996,0.403014687903564,0.388593820753543,0.490353509654921,0.476820718107062,0.181190140915539,0.447283355004418,0.457266744179814,0.523038168668231,0.430413247730816,0.429160030039174,0.144605192268742,0.373889371551432,0.261945397909634,0.328844073933936,0.131445272149799,0.404325304878792,0.470066113537698,0.470066113537698,0.344926781495397,0.157765112387684,0.511953613468607,0.541746433051064,0.498880942400802,0.463631324445895,0.534174510285011,0.241416455324218,0.281718769147737,0.297413793103448,0.423531316710483,0.622748956590317,0.415270214354952,0.113976445775052,0.427329509790738,0.115871685494429,0.176011544852966,0.415578939452047,0.431658247585116,0.390927305082812,0.461518792788306,0.390927305082812,0.38960467009436,0.570158829057325,0.486763115361245,0.237671636290554,0.19961255822945,0.19961255822945,0.413021285829467,0.423531316710483,0.218312554206267,0.455305372174785,0.586206896551724,0.595359682216,0.37177192491969,0.527296841704999,0.388593820753543,0.199843451222566,0.370689655172414,0.441649001677285,0.434711903606792,0.514205449654487
0.41977748484599,0.412843655710657,0.349041170152514,0.417525500415363,0.515922475831632,0.425084584502305,0.442639253677807,0.366413966559991,0.545026663506887,0.385137334687542,0.393797372227154,0.0939840005644509,0,0.34756968819878,0.513849329197462,0.538139054634954,0.493520248054836,0.469384637012594,0.380807315917736,0.566487669945241,0.337507128219675,0.442013832602785,0.462831992877979,0.52498356480653,0.490914593910438,0.351929386526602,0.337507128219675,0.4564743588285,0.424605775716416,0.205072219228019,0.430240880726638,0.405470639854238,0.505203857493035,0.41370595457445,0.438338801656389,0.230172793042862,0.32317525638374,0.272556846672584,0.33890544939274,0.217124874280876,0.353352155780643,0.453389830508475,0.453389830508475,0.42896482287008,0.243220711804847,0.468582096951814,0.473459535115109,0.481543509221282,0.446401011484734,0.480956270923091,0.147028706081742,0.185484402427327,0.200825509931851,0.354827203298899,0.582466599616467,0.398451492794435,0.138575127174451,0.444915254237288,0.140417749333255,0.252926000828429,0.403384021013748,0.380574971566334,0.391828096021923,0.436440677966102,0.408959698950883,0.407676222301418,0.524983663123502,0.434590186980633,0.261144831532491,0.294599546775654,0.294599546775654,0.400772997690063,0.354827203298899,0.295024965100696,0.472902567708303,0.542718339907529,0.523854694073567,0.389830508474576,0.483583986442732,0.337507128219675,0.276398172491857,0.354677283420906,0.424605775716416,0.417629318996227,0.527177745693191
0.454104550312655,0.339310828758731,0.273853841687147,0.437915519696739,0.482212049946354,0.247163597376169,0.283444869791776,0.260059926604056,0.516533437173127,0.458579103178945,0.458579103178945,0.27130831324313,0.34756968819878,0,0.488808184510541,0.463630822603844,0.427823976103976,0.456167416869432,0.431731785981207,0.476614179692009,0.395935363050889,0.414517556943603,0.472427106505536,0.536912950879707,0.564624731012724,0.441914231931952,0.404884468783468,0.490988116896416,0.51350857789658,0.313991743749528,0.44268396439512,0.430470367749789,0.447963800904977,0.438684564739757,0.437449545787408,0.280882534703381,0.394135720671484,0.270647882794777,0.195487335699407,0.235937693122342,0.456504102367067,0.45265913439495,0.45265913439495,0.34233567011945,0.235937693122342,0.468702348799218,0.499764183846478,0.473167034943763,0.373867521552079,0.568177357181061,0.374739873137313,0.334569274664584,0.319887759026921,0.431731785981207,0.58201297329634,0.423417573803354,0.352196578646979,0.513961311342716,0.353582256001313,0.200900898603001,0.423388503050518,0.413240603533427,0.389231037150788,0.443901680545269,0.437915519696739,0.423388503050518,0.504540239153025,0.50111225845047,0.227706108394562,0.21638261362587,0.21638261362587,0.420865027112448,0.431731785981207,0.158371040723982,0.468702348799218,0.461209783125223,0.526184836145875,0.461416588244631,0.457377279509641,0.404884468783468,0.225217364798257,0.474458722884439,0.414408473394031,0.285067873303167,0.424633540649428
0.285319935448402,0.60605051256394,0.540103100962677,0.301717651181701,0.277771182773443,0.447896230780885,0.553900154470955,0.454065181599651,0.11445225285984,0.311466767078338,0.333255793436619,0.556988222887526,0.513849329197462,0.488808184510541,0,0.344818392177976,0.140370723507845,0.238364324290284,0.228668466916872,0.187887919695854,0.481421172672926,0.313160527827876,0.50853171825308,0.544485521427957,0.514148683087179,0.426038129711129,0.389907261968148,0.491448347633371,0.513040787123508,0.58721909322294,0.312777005250429,0.266263604069931,0.242025928757009,0.292800051480343,0.282547662138911,0.5579011307662,0.466346051117068,0.52064142011783,0.479111233278988,0.571032780347402,0.466346051117068,0.326212228185956,0.326212228185956,0.657812445005708,0.571032780347402,0.121664410618545,0.0897352776967059,0.295592250100021,0.359495089369659,0.535175210666808,0.496773642572522,0.467811158798283,0.47956868902321,0.416054093598084,0.172706076384274,0.447235488086144,0.600858369098712,0.552229645313452,0.597429483901119,0.538326601506831,0.282922312071871,0.281358345791036,0.310338420920199,0.211071279837987,0.508616124905642,0.468671351715904,0.173439707971089,0.273382056506823,0.581192756874541,0.525236229403912,0.525236229403912,0.262429501543916,0.416054093598084,0.532876444466529,0.504305657477793,0.225804661356842,0.125902216752997,0.505320370060576,0.0566246338041976,0.389907261968148,0.561298006417575,0.488170859452579,0.284915750460647,0.453553576545751,0.306227995553585
0.411163098615677,0.562048853427596,0.565907529054314,0.293081939989676,0.400508651759531,0.371296774342077,0.553529593373359,0.351292116736494,0.313825230011167,0.487577047650284,0.465102356757752,0.525301643814249,0.538139054634954,0.463630822603844,0.344818392177976,0,0.282635467738947,0.327270919182596,0.321264335045552,0.273724107089742,0.478587171293271,0.31828091033577,0.589844330337011,0.627842563176395,0.571752875276487,0.515617137391755,0.514546676721322,0.590053710394385,0.574643215106396,0.512778159102787,0.273091395895288,0.297233126464535,0.249992251946053,0.275020821719576,0.300335865121423,0.525929171236057,0.476403926797472,0.586465687577422,0.525929171236057,0.534959091783942,0.498779827361682,0.476557595252947,0.476557595252947,0.5520178542078,0.580108694523365,0.259970626570736,0.268267913177074,0.304820891627055,0.239787873807175,0.63013698630137,0.533280335690393,0.521894502400145,0.538610943520391,0.469597294936259,0.200852031512211,0.461516410613416,0.535175210666808,0.577727135666243,0.540586922863599,0.546474766752735,0.523242205267499,0.401636629583353,0.395340527286767,0.458962892572374,0.484261037979889,0.500963803644485,0.387070740840701,0.282121316443173,0.510709267244911,0.524026213745662,0.524026213745662,0.471928746684629,0.469597294936259,0.540904348160917,0.573922481964969,0.347844314399015,0.350112714921961,0.555733757315527,0.310747874032524,0.514546676721322,0.570118142926677,0.485373744695821,0.280513523424648,0.336356780509841,0.0412743168638313
0.3990996879089,0.563838560573913,0.497811805737988,0.236440719834326,0.234364339357574,0.342059747777907,0.510990353078174,0.353807136072129,0.2,0.394713554244002,0.416644222568494,0.506488882203951,0.493520248054836,0.427823976103976,0.140370723507845,0.282635467738947,0,0.321526649781643,0.298218613616234,0.160869565217391,0.442961024557886,0.260869565217391,0.581784812115642,0.618693559879248,0.599901197973052,0.479201032226135,0.442961024557886,0.56986760638066,0.536368484567999,0.520288718887151,0.347960676413527,0.314244307668382,0.290324311446792,0.301303381896331,0.291013169921293,0.506564836204831,0.462876974832804,0.513139163196262,0.453696782941063,0.524187520626087,0.462876974832804,0.386215215863064,0.386215215863064,0.593770481716723,0.524187520626087,0.264754398436897,0.230063015421381,0.343530712890087,0.280267266519845,0.532153565916705,0.47647723358337,0.4470726261759,0.463198433274473,0.491208494871769,0.259847254307247,0.487797563903694,0.550746508767919,0.566487669945241,0.547396974902112,0.508772610875486,0.308695652173913,0.342046368788804,0.344900844857859,0.27032578109595,0.492406614889864,0.508695652173913,0.258005311818075,0.303903965360387,0.518251719146339,0.477491094389806,0.477491094389806,0.288202820306887,0.491208494871769,0.503227018012754,0.571106732421523,0.181810515232866,0.272060242611439,0.545026663506887,0.199951692279778,0.442961024557886,0.531952946325789,0.471856523060369,0.320007110699731,0.374598299462485,0.243527892060677
0.279992888783537,0.633928571428571,0.566354700689567,0.24386655541267,0.315707607065988,0.409885961934409,0.581064079846565,0.41647962182454,0.233413227675363,0.3599936789187,0.337771237214488,0.486763115361245,0.469384637012594,0.456167416869432,0.238364324290284,0.327270919182596,0.321526649781643,0,0.182214145285005,0.308309636465701,0.417772027349651,0.255441583201933,0.398506841324396,0.434230052901406,0.486465646263531,0.419055883316974,0.382216120622912,0.48133251745766,0.507828746022777,0.51390647007883,0.15625,0.158127087975863,0.155036978276472,0.207933585953393,0.232798990945316,0.575892857142857,0.420331283574829,0.515550770848183,0.473214285714286,0.558035714285714,0.460155851878849,0.251919324312837,0.251919324312837,0.677851542851272,0.558035714285714,0.210625551377262,0.224178051323223,0.161843984327542,0.203577425382312,0.58913861507125,0.495389559730903,0.47473401675192,0.486763115361245,0.404438562327123,0.294642857142857,0.364651653956676,0.496620099387257,0.478083249520584,0.523903969988796,0.45739364747853,0.352366347518841,0.222910720719587,0.36256192171417,0.286713774344798,0.441692165915169,0.400828729677295,0.270917383423511,0.232142857142857,0.50748381909845,0.488640666181702,0.488640666181702,0.34953205103435,0.404438562327123,0.50111225845047,0.436794634971417,0.311297513775346,0.235223651192104,0.438939493234628,0.198216274262727,0.382216120622912,0.431765915862661,0.44289671496477,0.127514595222196,0.348299797074939,0.287892145034646
0.221238938053097,0.58666258430166,0.519819129197146,0.212206677019052,0.197243967806691,0.367655780776897,0.533590079438279,0.348113696867015,0.228040474977857,0.265486725663717,0.287610619469027,0.449734438678189,0.380807315917736,0.431731785981207,0.228668466916872,0.321264335045552,0.298218613616234,0.182214145285005,0,0.302604747281132,0.376106194690266,0.223654341312959,0.46468605399619,0.500850028424261,0.493227682466592,0.333331708967191,0.29646017699115,0.453258053749422,0.447649140596482,0.4642116174792,0.0844354017864734,0.0376916477560705,0.190105931201562,0.21585142199167,0.240616251273887,0.515550770848183,0.361227281959507,0.495575221238938,0.453327934076389,0.524439747529867,0.37444326922931,0.268226827902778,0.268226827902778,0.621372394763718,0.524439747529867,0.22295616409421,0.231957742171807,0.174390924350098,0.131383729163823,0.465102356757752,0.424632988745342,0.385549456696492,0.401695381737396,0.278761061946903,0.288881865465222,0.322924752989236,0.468347756857957,0.541018010400559,0.473833465962071,0.450870968591522,0.28067407895664,0.191191210341211,0.400401748620056,0.250906752823554,0.448544673913337,0.407871955238697,0.224248434180919,0.253325958738483,0.457597275545061,0.472887402745582,0.472887402745582,0.229067409261474,0.278761061946903,0.494375526109262,0.470197384609689,0.253211023920399,0.229604665551235,0.445757597464826,0.192902672311543,0.29646017699115,0.474375795083749,0.432265690699719,0.0556582081165661,0.306444305725095,0.28201885748546
0.425416489898291,0.590272587205797,0.524012928916876,0.271147959841857,0.199953747868027,0.377624085735858,0.537663606546637,0.292264958555189,0.0739130434782609,0.42980262356319,0.451733291887683,0.60605691474175,0.566487669945241,0.476614179692009,0.187887919695854,0.273724107089742,0.160869565217391,0.308309636465701,0.302604747281132,0,0.412258088903596,0.247826086956522,0.559300124594978,0.595996747967299,0.577673486749332,0.452942260741739,0.451733291887683,0.56986760638066,0.478966487419275,0.545987537518197,0.352366347518841,0.31864017749102,0.223792215644928,0.275102258717443,0.299766093749426,0.603489600521739,0.432308997790769,0.570158900839943,0.497753493994203,0.629923627153623,0.432308997790769,0.381923014575393,0.381923014575393,0.686496784803123,0.572649902784541,0.260377936522831,0.19135109999564,0.277883784179095,0.249358498824379,0.536609246241308,0.548834038697863,0.520508293011914,0.532463151561638,0.434188757228088,0.189356516622222,0.43039556675497,0.568025489199922,0.536442260931545,0.573260004907706,0.588431106409191,0.326086956521739,0.363832912868645,0.392623299868214,0.343293202986355,0.527113854897395,0.547826086956522,0.352440999404866,0.303903965360387,0.496745099465372,0.557877079868297,0.557877079868297,0.331871358938367,0.434188757228088,0.58306553297499,0.549224422851193,0.147178156089284,0.267594354529301,0.549318864794557,0.230722781038249,0.451733291887683,0.611432634685561,0.476185567953316,0.324422648941941,0.343549988088282,0.234575559422342
0.438053097345133,0.582218095960818,0.515413800107212,0.417908266908522,0.448918831953782,0.408018177748585,0.529105368663647,0.365852099673355,0.3990996879089,0.34070796460177,0.31858407079646,0.37549225976969,0.337507128219675,0.395935363050889,0.481421172672926,0.478587171293271,0.442961024557886,0.417772027349651,0.376106194690266,0.412258088903596,0,0.425416489898291,0.224248434180919,0.285620224166832,0.295900408382786,0.147900793580582,0.146017699115044,0.249314629354365,0.175928153309267,0.377794136427458,0.382216120622912,0.348113696867015,0.342240728655412,0.370037940139376,0.395142014096061,0.391105097304596,0.022016942034555,0.345132743362832,0.355549190577857,0.399994073986281,0.105718194743309,0.389467353457348,0.389467353457348,0.532283546472827,0.34221572555533,0.46136734101985,0.46627571913634,0.373066905121465,0.367469177134681,0.208890880582895,0.43751433974358,0.39862287251146,0.414796942721248,0.119469026548673,0.519995259189025,0.126929286749278,0.355044819794899,0.220596621434912,0.356424404647822,0.392832940881683,0.28067407895664,0.371414908036919,0.435414785196987,0.428437522385602,0.159687122153656,0.201723672988466,0.487368848318385,0.457772422417232,0.435901166566864,0.364761741770317,0.364761741770317,0.3347953074199,0.119469026548673,0.386986257318309,0.227371185889129,0.445367251683571,0.49090834624146,0.207606565125494,0.450109513003469,0.146017699115044,0.41646804369467,0.12656260107649,0.354105849891048,0.369088045853151,0.440065020932057
0.298218613616234,0.532998862836715,0.467243828695952,0.0238588747882009,0.255870959038541,0.36873300124637,0.479871557364967,0.331827786958936,0.321739130434783,0.346466083930118,0.36839675225461,0.493501747525108,0.442013832602785,0.414517556943603,0.313160527827876,0.31828091033577,0.260869565217391,0.255441583201933,0.223654341312959,0.247826086956522,0.425416489898291,0,0.536815437074313,0.573299936055349,0.559891317770357,0.41793056542921,0.381555153249306,0.539758338827306,0.470135410934855,0.511722446010136,0.290686952044445,0.230722781038249,0.259276000072589,0.340605066664662,0.365413022460417,0.581461244995169,0.401741020748733,0.552614366180349,0.493347822888889,0.568244231679227,0.397374166885586,0.231695969506912,0.231695969506912,0.655588017107656,0.568244231679227,0.286636708007227,0.298884198400475,0.199107469725906,0.187540963433445,0.523242205267499,0.467964668275782,0.4470726261759,0.463198433274473,0.46050555921748,0.383206045256039,0.470135410934855,0.511868802795912,0.549318864794557,0.538775964900248,0.495496194953202,0.352173913043478,0.115466310358458,0.349239249858801,0.180189554054862,0.483729804887982,0.504347826086956,0.280489999338739,0.277469938728503,0.462334507975825,0.499820534800498,0.499820534800498,0.349338774390958,0.46050555921748,0.538710802440415,0.566730270507457,0.27272045798477,0.312253235350685,0.540734462219216,0.274681479264634,0.381555153249306,0.51870633159916,0.484843657739212,0.262605113551007,0.33024356892791,0.279337222614018
0.396637671029604,0.667356056186977,0.59802101136609,0.52435750849598,0.62184855469489,0.531003500330863,0.61376758850777,0.513510704511062,0.482852187024719,0.419320465351799,0.396637671029604,0.480608585110935,0.462831992877979,0.472427106505536,0.50853171825308,0.589844330337011,0.581784812115642,0.398506841324396,0.46468605399619,0.559300124594978,0.224248434180919,0.536815437074313,0,0.0609914686579208,0.121781064345047,0.253118356548466,0.21971187531648,0.305980876851799,0.273851469468573,0.534846925211725,0.439517738506824,0.440764641634212,0.389850479697707,0.444456004472236,0.47039301646164,0.485085402042855,0.227658347680914,0.41478390648736,0.44863127121403,0.489642168396458,0.295407615428202,0.471710802913054,0.471710802913054,0.630075276899084,0.466858336628442,0.483972682706213,0.492832179237853,0.420600906898204,0.488499148304907,0.294900927433288,0.546567783242304,0.526403292134786,0.52538370708413,0.237858110774237,0.571663962761313,0.196212947336282,0.4951280378418,0.223104121930962,0.496207979104444,0.427844211803379,0.410901186958593,0.418629837043949,0.474998382019148,0.480589612948129,0.264100296163592,0.222029811785012,0.446511627906977,0.535209831932488,0.564013627765873,0.441095130369799,0.441095130369799,0.430906150922778,0.237858110774237,0.421963612345196,0.244065245718751,0.61941146322784,0.427237984841778,0.236422336983574,0.472591044142834,0.21971187531648,0.451963373183829,0.279120536231556,0.410860626172616,0.490777468018387,0.5509211132406
0.432159665363379,0.664217836274818,0.594228672771435,0.560635952198542,0.658698314128891,0.596199656025339,0.610123805817569,0.577763920296138,0.518827587466671,0.455056453050339,0.432159665363379,0.543504864795433,0.52498356480653,0.536912950879707,0.544485521427957,0.627842563176395,0.618693559879248,0.434230052901406,0.500850028424261,0.595996747967299,0.285620224166832,0.573299936055349,0.0609914686579208,0,0.132061329617683,0.264349186117653,0.230667933718126,0.272488511695794,0.267000859920187,0.597535935548581,0.47562785390862,0.476794422975649,0.425772059090836,0.48024796287577,0.506519950936065,0.549223944588112,0.288760370251054,0.4779532407373,0.512425899248366,0.55382370025558,0.30699728383436,0.507058416308663,0.507058416308663,0.695736206004606,0.530824921918239,0.52022773007673,0.528464776099126,0.456258094086961,0.525164079067794,0.306856773916035,0.560065170703164,0.53997547708566,0.538985110981527,0.248985363867695,0.609020768265199,0.207070112618064,0.508405166689578,0.233699901716195,0.558961076597439,0.491752828610783,0.446197789348432,0.454088457116533,0.510811163272603,0.516020990557597,0.275275797440894,0.232847757376107,0.483545307761856,0.50322638791343,0.627262632535499,0.505761707205132,0.505761707205132,0.466570277688291,0.248985363867695,0.485973375476474,0.236933627836323,0.656498710143098,0.463798078571606,0.247143763089595,0.508921081213986,0.230667933718126,0.515943964098237,0.290398651216664,0.446793101826556,0.555436432844518,0.588744634027428
0.354201648453002,0.635120327608299,0.566895226513737,0.54753723890568,0.626170427436489,0.636363636363636,0.627272727272727,0.613458745521074,0.502099268588686,0.421472310072481,0.399048756199321,0.544087088280996,0.490914593910438,0.564624731012724,0.514148683087179,0.571752875276487,0.599901197973052,0.486465646263531,0.493227682466592,0.577673486749332,0.295900408382786,0.559891317770357,0.121781064345047,0.132061329617683,0,0.221381032213833,0.224145035988676,0.287524814643661,0.24151759647209,0.597095318238486,0.481960958950054,0.456145444279651,0.47845670902566,0.504385259206442,0.530143726335934,0.531512519398309,0.272205380636486,0.493227682466592,0.527007832084831,0.536017206711787,0.263275385306873,0.495303261204313,0.495303261204313,0.683965665196704,0.558540643279176,0.440647293257064,0.419464663783724,0.507769618066216,0.566581483698337,0.289292005778,0.534342270318508,0.53181600370219,0.530808071434811,0.246568589861835,0.50898908283092,0.264091477529468,0.509731852933426,0.26270389462891,0.559261762210046,0.520357080676333,0.430970592672785,0.443095238075033,0.54753723890568,0.473359924734936,0.285818582978573,0.244257818393542,0.485023451343693,0.46844689700962,0.626170427436489,0.534241719723232,0.534241719723232,0.45080528722876,0.246568589861835,0.514737981441266,0.275078892061155,0.623761189358103,0.465747854976649,0.275869896510537,0.510081433276711,0.224145035988676,0.544007602640959,0.318343801895858,0.489830288103251,0.59637084437638,0.61555158146994
